  4896.0     92.0     25.0   1012.0     -1.0     -3.0     -1.0
136012.0     96.0     33.0   1005.0     -1.0     -6.0     -1.0
241684.0     91.0     32.0   1020.0     -1.0      1.0     -2.0
347380.0     76.0     28.0   1003.0      0.0     -2.0     -2.0
453132.0     75.0     28.0    987.0     -5.0      2.0     -3.0
558904.0     84.0     32.0    992.0     -5.0     -3.0     -7.0
664648.0     68.0     19.0   1003.0     -8.0    -20.0     -7.0
770388.0    102.0    -30.0   1032.0     -4.0     11.0     -1.0
876144.0    180.0    -66.0    966.0      2.0    -12.0      4.0
984676.0    134.0     15.0   1018.0      2.0      1.0      7.0
1090452.0    126.0     21.0   1011.0     -3.0     10.0      5.0
1196204.0    113.0     18.0   1011.0     -2.0      5.0      6.0
1301980.0     80.0     24.0   1000.0      2.0     14.0      4.0
1407748.0     99.0     24.0    977.0     -4.0     -1.0     -9.0
1513460.0     80.0     22.0   1020.0      0.0     -5.0     -4.0
1619232.0     76.0     46.0   1000.0      2.0     -2.0     -6.0
1727572.0     69.0     48.0   1011.0      2.0      1.0     -6.0
1833324.0     97.0     43.0    993.0     -4.0      2.0     -1.0
1939084.0     71.0     47.0   1025.0     -3.0      2.0     -3.0
2044864.0     56.0     48.0    998.0     -6.0      3.0      1.0
2150612.0     56.0     43.0   1019.0     -2.0      2.0     -1.0
2256320.0     71.0     43.0   1007.0     -4.0     -6.0      0.0
2362088.0     76.0     41.0   1004.0     -2.0     -9.0      2.0
2467808.0     89.0     30.0   1024.0      0.0     -2.0      7.0
2576176.0     80.0     60.0   1016.0      3.0     15.0     21.0
2681880.0     61.0     28.0   1001.0      0.0     -2.0     18.0
2787644.0     52.0     32.0   1000.0      3.0     14.0     23.0
2893404.0     51.0     39.0   1010.0      2.0     14.0     35.0
2999176.0     43.0     43.0    971.0    -11.0     10.0     51.0
3104932.0      3.0     10.0   1022.0     -2.0     -1.0     28.0
3210716.0     18.0     12.0   1031.0      8.0     19.0     25.0
3316448.0     12.0     58.0   1045.0      0.0      7.0     29.0
3424748.0    -39.0     45.0    979.0     -5.0      0.0     62.0
3530516.0    -31.0     58.0    987.0      7.0    -11.0     60.0
3636296.0     47.0     19.0    997.0     -8.0    -17.0     59.0
3742052.0     28.0     38.0   1043.0      2.0     -2.0     71.0
3847828.0      4.0     74.0    982.0      7.0     21.0     65.0
3953592.0     34.0     71.0    989.0      1.0      6.0     62.0
4059364.0     -2.0     41.0   1089.0     10.0     -1.0     60.0
4165136.0    -39.0    100.0   1047.0     23.0     23.0     46.0
4273492.0     39.0    134.0   1044.0     14.0      5.0     56.0
4379252.0   -111.0    178.0    955.0     13.0     50.0     64.0
4485012.0   -128.0    212.0   1030.0    -12.0     25.0     17.0
4590812.0   -146.0    177.0    999.0     -7.0    -16.0    -10.0
4696592.0    -86.0    198.0   1016.0     -4.0    -16.0     -8.0
4802392.0    -76.0    222.0    963.0      6.0     -6.0     -4.0
4908156.0    -48.0    186.0    993.0     -7.0     -5.0     -3.0
5013916.0    -53.0    232.0   1017.0      4.0    -10.0      4.0
5122248.0    -87.0    208.0   1000.0      1.0      6.0    -12.0
5228028.0    -42.0    193.0    972.0     -7.0     -7.0     -7.0
5333800.0    -71.0    169.0    997.0    -12.0     -5.0     -1.0
5439568.0    -74.0    160.0   1031.0    -11.0     -3.0     -7.0
5545312.0    -75.0    145.0   1011.0     -7.0     -5.0     -1.0
5651012.0    -59.0    155.0   1007.0     -2.0      0.0      1.0
5756720.0    -60.0    161.0    973.0     -4.0      0.0     -1.0
5862436.0    -48.0    138.0    992.0     -3.0     -3.0      0.0
5970740.0    -54.0    150.0    985.0     -1.0     -1.0      0.0
6076440.0    -38.0    142.0   1000.0     -1.0     -1.0      0.0
6182156.0    -51.0    162.0    988.0      1.0     -1.0      0.0
6287908.0    -52.0    142.0    998.0     -3.0      1.0     -1.0
6393620.0    -60.0    155.0   1011.0     -1.0      0.0     -1.0
6499324.0    -45.0    137.0    994.0      0.0     -1.0     -4.0
6605080.0    -54.0    155.0   1014.0     -1.0     -1.0     -3.0
6710744.0    -50.0    149.0    995.0     -1.0      0.0      0.0
6818996.0    -52.0    147.0   1006.0     -2.0     -3.0     -1.0
6924756.0    -43.0    146.0   1018.0      4.0     -1.0     -1.0
7030528.0    -35.0    155.0   1010.0      4.0     -2.0     -2.0
7136304.0    -23.0    215.0   1001.0     35.0     13.0     11.0
7242084.0    -37.0    298.0    945.0     49.0     12.0      2.0
7347852.0    -70.0    364.0    939.0     49.0      3.0      2.0
7453620.0   -100.0    471.0    936.0     48.0     -5.0    -10.0
7559392.0    -90.0    551.0    881.0     60.0    -12.0     -5.0
7667988.0   -105.0    639.0    872.0     75.0     17.0     -7.0
7773780.0   -135.0    744.0    735.0     80.0      2.0    -10.0
7879524.0   -143.0    862.0    553.0     73.0      2.0      0.0
7985260.0    -81.0    905.0    375.0     82.0     15.0      0.0
8091028.0   -106.0    917.0    251.0     80.0      2.0      7.0
8196804.0   -128.0    972.0    155.0     76.0     22.0      5.0
8302528.0    -64.0    992.0    -29.0     64.0      0.0     -4.0
8410888.0   -122.0    971.0    -40.0     57.0      7.0     -6.0
8516660.0   -118.0   1004.0   -252.0     26.0     -3.0      3.0
8622424.0   -109.0    954.0   -266.0      5.0      4.0      1.0
8728200.0   -108.0    976.0   -262.0     -5.0      8.0     -1.0
8833976.0   -118.0    982.0   -144.0    -10.0      2.0      3.0
8939744.0    -94.0    965.0   -246.0     -8.0     -1.0      2.0
9045512.0   -117.0    992.0   -179.0    -10.0     -3.0      1.0
9151288.0   -102.0    979.0   -189.0     -9.0     -3.0      1.0
9259604.0    -86.0   1012.0   -186.0      0.0     -5.0     -1.0
9365332.0    -93.0    986.0   -178.0      0.0      4.0      1.0
9471096.0    -64.0    983.0   -199.0     -3.0     -1.0      2.0
9576844.0    -72.0    976.0   -191.0     -3.0      2.0      0.0
9682528.0    -66.0    993.0   -197.0     -5.0      0.0      0.0
9788320.0    -78.0    988.0   -167.0     -5.0      4.0     -3.0
9894052.0    -86.0   1000.0   -173.0     -3.0      0.0     -2.0
9999820.0    -92.0    994.0   -148.0     -2.0      1.0     -1.0
10108224.0    -80.0    998.0   -174.0     -4.0     -3.0     -2.0
10214584.0    -80.0    976.0   -154.0     -3.0     -3.0      0.0
10320972.0    -86.0    993.0   -168.0     -2.0      1.0     -2.0
10427380.0    -84.0    989.0   -157.0     -2.0     -2.0     -1.0
10533792.0    -85.0   1004.0   -169.0     -2.0     -2.0     -1.0
10640320.0    -83.0    985.0   -169.0     -1.0      1.0     -1.0
10746704.0    -98.0    990.0   -160.0     -3.0     -1.0     -2.0
10853060.0    -84.0    986.0   -175.0     -2.0      2.0      0.0
10962028.0    -88.0    989.0   -173.0     -3.0      0.0     -1.0
11068368.0    -87.0    991.0   -148.0     -4.0      0.0      0.0
11174768.0    -76.0    984.0   -191.0     -4.0      2.0     -1.0
11281168.0    -78.0    997.0   -169.0     -3.0     -2.0     -1.0
11387508.0    -85.0   1000.0   -143.0     -4.0      1.0      0.0
11493828.0    -66.0    990.0   -136.0      0.0      0.0     -1.0
11600220.0    -77.0    987.0   -144.0     -2.0      1.0     -2.0
11706580.0    -76.0    983.0   -157.0     -1.0     -1.0     -2.0
11815524.0    -85.0    989.0   -131.0     -1.0      0.0     -2.0
11921928.0    -96.0    993.0   -155.0     -3.0     -2.0     -1.0
12028328.0    -77.0    977.0   -167.0     -2.0     -3.0     -1.0
12134636.0    -98.0   1003.0   -126.0     -1.0      0.0      0.0
12241028.0    -77.0    979.0   -127.0     -2.0     -1.0     -1.0
12347348.0    -72.0    996.0   -158.0      0.0      0.0     -4.0
12453716.0    -94.0    993.0   -127.0     -2.0     -4.0      0.0
12562676.0    -94.0    989.0   -157.0     -2.0      0.0     -2.0
12669028.0   -105.0    991.0   -148.0     -1.0      0.0     -2.0
12775380.0   -104.0   1002.0   -139.0     -1.0      0.0     -1.0
12881720.0    -98.0    979.0   -150.0     -1.0      0.0     -2.0
12988060.0   -105.0   1004.0   -142.0     -3.0     -2.0      0.0
13094404.0    -97.0    982.0   -148.0     -2.0      0.0     -1.0
13200752.0    -92.0    982.0   -139.0     -2.0     -1.0      0.0
13307040.0    -93.0    989.0   -162.0     -1.0      0.0      0.0
13415912.0    -95.0    983.0   -138.0     -2.0      0.0     -1.0
13522244.0    -93.0    983.0   -159.0     -1.0     -2.0      0.0
13628584.0    -99.0    993.0   -141.0     -2.0     -1.0      0.0
13734900.0    -80.0    984.0   -152.0      0.0      0.0     -2.0
13841252.0   -110.0    990.0   -125.0     -1.0     -2.0      0.0
13947592.0   -101.0    992.0   -142.0     -1.0      0.0      1.0
14053964.0    -97.0    985.0   -147.0     -2.0      1.0     -1.0
14160308.0   -100.0    989.0   -141.0     -1.0      0.0      1.0
14269760.0   -107.0   1001.0   -125.0     -3.0      1.0      0.0
14376136.0    -87.0    982.0   -160.0     -3.0     -1.0     -1.0
14482488.0    -94.0    984.0   -144.0     -2.0      0.0     -1.0
14588876.0   -104.0   1001.0   -130.0     -2.0      2.0     -1.0
14695248.0   -106.0   1000.0   -140.0      1.0     -1.0     -1.0
14801620.0    -88.0    985.0   -151.0     -3.0      0.0     -1.0
14908020.0    -99.0    998.0   -130.0     -4.0      1.0     -3.0
15014404.0    -90.0    986.0   -129.0      1.0     -1.0      1.0
15123212.0   -112.0    984.0   -144.0     -1.0      2.0     -1.0
15229516.0   -104.0   1010.0   -133.0     -2.0      0.0     -1.0
15335828.0    -98.0   1000.0   -143.0      0.0     -2.0      0.0
15442204.0    -95.0    989.0   -127.0     -3.0      0.0     -1.0
15548584.0    -96.0   1002.0   -133.0     -2.0      1.0     -1.0
15654900.0   -102.0    998.0   -140.0     -1.0     -1.0      0.0
15761256.0    -95.0    993.0   -145.0     -3.0      0.0     -1.0
15870028.0    -95.0    999.0   -135.0     -2.0      0.0     -1.0
15976392.0   -102.0   1000.0   -142.0     -4.0      0.0     -2.0
16082796.0    -96.0    992.0   -125.0     -2.0     -1.0     -1.0
16189152.0    -95.0    994.0   -125.0     -1.0      0.0     -2.0
16295524.0   -100.0    987.0   -141.0     -2.0     -1.0     -1.0
16401892.0   -100.0   1001.0   -135.0     -2.0     -1.0     -1.0
16508268.0    -98.0    982.0   -141.0     -2.0     -2.0     -1.0
16614652.0   -101.0    998.0   -142.0     -2.0     -3.0     -1.0
16723452.0   -104.0   1002.0   -151.0     -2.0     -3.0     -2.0
16829800.0    -96.0    983.0   -125.0     -1.0     -1.0      0.0
16936172.0    -95.0    992.0   -130.0     -2.0     -1.0     -1.0
17042580.0    -88.0    996.0   -149.0     -3.0     -2.0     -1.0
17148988.0   -106.0    996.0   -116.0     -3.0     -2.0     -1.0
17255348.0    -91.0    991.0   -127.0     -3.0     -3.0      0.0
17361732.0    -98.0    997.0   -134.0      0.0      2.0     -2.0
17468132.0    -92.0    984.0   -145.0     -2.0     -2.0      1.0
17576908.0    -98.0   1004.0   -145.0     -2.0      0.0     -1.0
17683268.0    -93.0    985.0   -133.0     -3.0     -2.0      0.0
17789664.0    -89.0    991.0   -140.0     -2.0     -1.0     -1.0
17895964.0    -98.0    994.0   -139.0     -1.0      0.0      0.0
18002368.0   -101.0    992.0   -139.0     -1.0      2.0     -1.0
18108716.0    -89.0    988.0   -145.0     -1.0     -3.0      0.0
18215040.0    -95.0    990.0   -144.0     -1.0      0.0      0.0
18321412.0   -105.0    998.0   -140.0     -1.0      2.0     -1.0
18430220.0    -98.0    991.0   -131.0     -3.0     -3.0     -1.0
18536608.0    -87.0    998.0   -134.0     -1.0     -1.0     -2.0
18643012.0    -87.0    989.0   -132.0     -3.0     -3.0     -1.0
18749368.0    -95.0    995.0   -136.0     -2.0      0.0     -2.0
18855780.0    -99.0    988.0   -146.0     -2.0     -3.0     -1.0
18962176.0   -112.0   1004.0   -143.0     -2.0     -1.0     -1.0
19068528.0   -107.0    987.0   -125.0     -2.0     -2.0      0.0
19174852.0   -101.0    991.0   -120.0     -2.0      0.0      0.0
19283576.0   -109.0    993.0   -136.0      0.0      1.0      0.0
19389888.0   -103.0    996.0   -135.0     -1.0      0.0      0.0
19496280.0    -85.0    983.0   -134.0     -1.0      2.0     -1.0
19602588.0    -98.0    999.0   -131.0      0.0     -1.0      0.0
19708976.0    -98.0    991.0   -131.0     -2.0     -1.0     -1.0
19815336.0    -88.0    989.0   -160.0     -3.0     -2.0      0.0
19921660.0    -96.0    990.0   -130.0     -1.0      0.0      0.0
