6612 0 0 0
172280 3.39919 20.3226 -8.88395
312792 5.11667 37.6655 -18.1867
453316 4.37069 54.2336 -33.106
593820 -39.2495 69.369 -59.2784
733276 -112.852 67.4867 -126.861
875564 -131.289 44.6332 -142.113
1.01505e+06 -128.532 23.9144 -138.744
1.15552e+06 -124.665 5.40932 -137.416
1.29602e+06 -119.487 -11.2098 -138.034
1.43652e+06 -111.826 -25.3218 -142.101
1.5805e+06 -100.335 -36.6514 -150.29
1.71995e+06 -85.2002 -43.7478 -163.033
1.8594e+06 -67.067 -46.1675 -179.537
1.99884e+06 -49.2447 -44.4846 -196.144
2.13935e+06 -34.2938 -40.5959 -210.034
2.28334e+06 -22.8968 -36.3234 -220.356
2.42487e+06 -14.9594 -32.7902 -227.601
2.56641e+06 -9.40828 -30.2496 -232.999
2.70796e+06 -5.59947 -28.777 -237.425
2.84949e+06 -3.26395 -28.1939 -241.338
2.99e+06 -2.13278 -29.346 -244.481
3.13295e+06 -1.41818 -31.9669 -247.526
3.27345e+06 -1.3162 -36.2513 -250.139
3.415e+06 -2.04557 -42.3375 -251.596
3.55549e+06 -4.00978 -50.0558 -251.122
3.69496e+06 -6.90284 -58.6699 -248.426
3.83791e+06 -11.516 -68.065 -242.278
3.97841e+06 -19.0631 -77.4294 -229.531
4.11892e+06 -38.3234 -85.7713 -198.798
4.25836e+06 -149.826 -90.2525 -61.0392
4.39783e+06 689.475 -74.4814 -966.289
4.54075e+06 598.493 -81.2305 -928.448
4.6802e+06 483.922 -67.0915 -853.764
4.81965e+06 478.16 -57.4159 -889.255
4.96017e+06 464.316 -49.2414 -914.6
5.10068e+06 448.285 -43.9652 -935.312
5.24356e+06 432.059 -41.5887 -952.843
5.38298e+06 415.963 -41.2978 -967.298
5.5224e+06 400.889 -42.6532 -979.087
5.66082e+06 387.602 -45.0933 -988.463
5.80026e+06 376.027 -48.1368 -995.229
5.93862e+06 365.043 -50.0777 -998.474
6.0815e+06 354.577 -51.1993 -998.125
6.22095e+06 343.618 -50.0596 -994.422
6.36146e+06 332.697 -46.5799 -988.192
6.50298e+06 322.1 -40.7671 -980.844
6.64454e+06 310.949 -32.7948 -972.662
6.78862e+06 298.165 -22.8374 -964.761
6.93016e+06 283.299 -11.8728 -958.179
7.07066e+06 267.991 -1.20024 -953.431
7.21219e+06 252.975 7.82216 -950.595
7.35372e+06 238.36 14.9125 -949.698
7.49786e+06 224.332 20.3534 -950.542
7.63935e+06 210.176 24.0668 -952.812
7.78091e+06 196.053 26.1631 -956.017
7.92245e+06 181.994 26.8026 -960.003
8.06294e+06 168.269 26.3658 -964.095
8.2034e+06 155.416 25.3958 -968.048
8.34755e+06 143.787 23.9954 -971.784
8.4891e+06 133.026 22.3724 -975.05
8.6306e+06 122.753 20.2439 -977.767
8.77214e+06 112.888 17.6092 -979.814
8.91369e+06 103.429 14.8414 -981.346
9.05784e+06 94.3298 11.838 -982.33
9.19936e+06 85.5277 8.67319 -982.775
9.33986e+06 77.3294 5.52618 -983.043
9.48035e+06 70.0136 2.37246 -982.929
9.62084e+06 63.4898 -0.137303 -982.525
9.76498e+06 57.7171 -1.86515 -982.04
9.90652e+06 52.498 -2.92257 -981.716
1.00481e+07 47.8699 -3.43863 -981.393
1.01896e+07 43.7861 -3.67824 -981.105
1.03311e+07 39.9626 -3.52407 -980.758
1.04752e+07 36.4038 -3.41794 -980.465
1.06167e+07 33.0113 -3.30653 -980.12
1.07583e+07 29.886 -3.26581 -979.71
1.08997e+07 27.2503 -3.51914 -979.183
1.10412e+07 25.0162 -4.01107 -978.282
1.11827e+07 23.0843 -4.663 -976.983
1.13268e+07 21.4398 -5.50856 -975.214
1.14683e+07 19.9717 -6.40206 -973.107
1.16098e+07 18.6671 -7.29336 -970.754
1.17513e+07 17.4826 -8.13148 -968.448
1.18928e+07 16.3714 -8.84528 -966.353
1.20369e+07 15.3631 -9.45504 -964.515
1.21784e+07 14.4066 -9.87088 -963.101
1.23199e+07 13.4444 -9.77256 -961.99
1.24614e+07 12.4166 -9.33686 -961.276
1.26029e+07 11.426 -8.80196 -960.742
1.27469e+07 10.4826 -8.29458 -960.362
1.28884e+07 9.69409 -7.67701 -960.188
1.30299e+07 8.98501 -7.19406 -960.161
1.31714e+07 8.28311 -6.77036 -960.234
1.3313e+07 7.63055 -6.56433 -960.256
1.34571e+07 7.00248 -6.23069 -960.302
1.35985e+07 6.42575 -5.84112 -960.4
1.374e+07 5.89958 -5.45963 -960.525
1.38815e+07 5.42196 -5.10314 -960.665
1.4023e+07 4.9894 -4.77917 -960.811
1.41673e+07 4.59354 -4.48848 -960.963
1.43088e+07 4.24046 -4.22481 -961.113
1.44503e+07 3.92112 -3.98728 -961.264
1.45918e+07 3.6321 -3.77372 -961.414
1.47333e+07 3.37127 -3.58178 -961.564
1.48748e+07 3.13634 -3.40903 -961.713
1.50189e+07 2.92033 -3.252 -961.865
1.51604e+07 2.7301 -3.10719 -962.013
1.53019e+07 2.55863 -2.97312 -962.16
1.54433e+07 2.40395 -2.84791 -962.307
1.55848e+07 2.26414 -2.73392 -962.454
1.57289e+07 2.13306 -2.63214 -962.603
1.58705e+07 2.01981 -2.53833 -962.748
1.6012e+07 1.91843 -2.45381 -962.894
1.61535e+07 1.82751 -2.37767 -963.039
1.6295e+07 1.74561 -2.30974 -963.185
1.64391e+07 1.66741 -2.24813 -963.332
1.65805e+07 1.60121 -2.18655 -963.477
1.6722e+07 1.54049 -2.13195 -963.621
1.68635e+07 1.48554 -2.08328 -963.766
1.7005e+07 1.43616 -2.0399 -963.91
1.71492e+07 1.38723 -2.00326 -964.057
1.72907e+07 1.34821 -1.96841 -964.201
1.74322e+07 1.31322 -1.93729 -964.345
1.75737e+07 1.28197 -1.90705 -964.489
1.77152e+07 1.25389 -1.87811 -964.633
1.78566e+07 1.22958 -1.84859 -964.777
1.80007e+07 1.20381 -1.82549 -964.923
1.81422e+07 1.18535 -1.80423 -965.067
1.82837e+07 1.16897 -1.78898 -965.21
1.84252e+07 1.1545 -1.7805 -965.354
1.85666e+07 1.1415 -1.77259 -965.498
1.8711e+07 1.12426 -1.76756 -965.644
1.88525e+07 1.11305 -1.76151 -965.788
1.8994e+07 1.10213 -1.75625 -965.932
1.91355e+07 1.09219 -1.75233 -966.075
1.9277e+07 1.08271 -1.74865 -966.219
1.9421e+07 1.06946 -1.7496 -966.365
1.95625e+07 1.06221 -1.75364 -966.509
1.9704e+07 1.05592 -1.75987 -966.653
1.98455e+07 1.05022 -1.7661 -966.796
1.9987e+07 1.04552 -1.77228 -966.94
2.01309e+07 1.03706 -1.77946 -967.086
2.02724e+07 1.03401 -1.7841 -967.23
2.04139e+07 1.0315 -1.78831 -967.374
2.05554e+07 1.02982 -1.79432 -967.517
2.06969e+07 1.02832 -1.80059 -967.661
2.08409e+07 1.02169 -1.81154 -967.808
2.09824e+07 1.01933 -1.82109 -967.952
2.11239e+07 1.01671 -1.83038 -968.095
2.12654e+07 1.014 -1.83854 -968.239
2.14069e+07 1.01084 -1.8458 -968.383
2.15484e+07 1.00726 -1.85506 -968.527
2.16923e+07 0.999913 -1.86661 -968.674
2.18338e+07 0.997078 -1.87209 -968.818
2.19753e+07 0.993714 -1.87662 -968.962
2.21168e+07 0.989932 -1.88131 -969.106
2.22583e+07 0.986462 -1.8861 -969.25
2.24022e+07 0.978698 -1.89291 -969.396
2.25437e+07 0.975477 -1.89705 -969.54
2.26852e+07 0.972783 -1.90056 -969.683
2.28267e+07 0.970968 -1.90083 -969.827
2.29682e+07 0.968729 -1.89995 -969.971
2.31122e+07 0.962403 -1.9008 -970.117
2.32537e+07 0.960738 -1.89917 -970.261
2.33952e+07 0.959158 -1.89457 -970.405
2.35366e+07 0.95723 -1.8868 -970.548
2.36781e+07 0.956025 -1.87856 -970.692
2.3822e+07 0.950788 -1.87247 -970.838
2.39634e+07 0.949808 -1.8646 -970.978
2.41049e+07 0.949554 -1.85735 -971.116
2.42464e+07 0.949681 -1.85086 -971.254
2.43879e+07 0.949968 -1.8445 -971.391
2.45294e+07 0.950693 -1.83839 -971.528
2.46735e+07 0.946696 -1.83464 -971.667
2.4815e+07 0.948637 -1.83274 -971.804
2.49565e+07 0.95143 -1.83158 -971.941
2.5098e+07 0.954294 -1.82933 -972.077
2.52395e+07 0.957453 -1.82669 -972.214
2.53836e+07 0.955855 -1.82568 -972.353
2.55251e+07 0.958839 -1.82186 -972.49
2.56666e+07 0.96156 -1.81833 -972.627
2.58081e+07 0.963603 -1.81799 -972.764
2.59496e+07 0.965626 -1.81858 -972.901
2.60938e+07 0.962772 -1.82135 -973.04
2.62353e+07 0.965095 -1.82253 -973.177
2.63768e+07 0.967577 -1.82712 -973.314
2.65183e+07 0.970204 -1.83513 -973.452
2.66598e+07 0.971712 -1.84424 -973.589
2.68039e+07 0.968632 -1.85229 -973.728
2.69453e+07 0.970538 -1.85679 -973.865
2.70868e+07 0.971875 -1.86022 -974.003
2.72284e+07 0.97279 -1.86353 -974.14
2.73699e+07 0.973616 -1.86755 -974.277
2.7514e+07 0.969986 -1.8747 -974.417
2.76555e+07 0.972198 -1.87985 -974.554
2.7797e+07 0.97409 -1.88441 -974.691
2.79385e+07 0.975872 -1.88942 -974.828
2.808e+07 0.977613 -1.8949 -974.965
2.82215e+07 0.978861 -1.89977 -975.102
2.83658e+07 0.97543 -1.90659 -975.242
2.85073e+07 0.977318 -1.91154 -975.379
2.86488e+07 0.978651 -1.91655 -975.516
2.87903e+07 0.980062 -1.92214 -975.653
2.89318e+07 0.980851 -1.9277 -975.791
2.90759e+07 0.976658 -1.93545 -975.93
2.92174e+07 0.977233 -1.93717 -976.067
2.93589e+07 0.97721 -1.93616 -976.204
2.95004e+07 0.977313 -1.93102 -976.341
2.96419e+07 0.977791 -1.92378 -976.478
2.97859e+07 0.973808 -1.92084 -976.618
2.99274e+07 0.975417 -1.91697 -976.758
3.00689e+07 0.977158 -1.91385 -976.9
3.02104e+07 0.978968 -1.91111 -977.043
3.03519e+07 0.980751 -1.90839 -977.186
3.0496e+07 0.978061 -1.90664 -977.332
3.06375e+07 0.979876 -1.9028 -977.476
3.0779e+07 0.981735 -1.89963 -977.62
3.09205e+07 0.983289 -1.89585 -977.763
3.1062e+07 0.984558 -1.89185 -977.907
3.12034e+07 0.985899 -1.8853 -978.051
3.13475e+07 0.982312 -1.87686 -978.197
3.1489e+07 0.984106 -1.86483 -978.341
3.16305e+07 0.985602 -1.84969 -978.484
3.17719e+07 0.985782 -1.82981 -978.627
3.19134e+07 0.985407 -1.80911 -978.771
3.20576e+07 0.980092 -1.79086 -978.917
3.21991e+07 0.979485 -1.77463 -979.06
3.23406e+07 0.978869 -1.76176 -979.204
3.24821e+07 0.977697 -1.75464 -979.347
3.26236e+07 0.976498 -1.75058 -979.491
3.27724e+07 0.962784 -1.75314 -979.641
3.29139e+07 0.963301 -1.75015 -979.785
3.30554e+07 0.964058 -1.74433 -979.928
3.31969e+07 0.965355 -1.73701 -980.072
3.33384e+07 0.967249 -1.72872 -980.215
3.34825e+07 0.965132 -1.72215 -980.361
3.3624e+07 0.968261 -1.71339 -980.504
3.37655e+07 0.970592 -1.70521 -980.648
3.3907e+07 0.972814 -1.69865 -980.791
3.40485e+07 0.975251 -1.68956 -980.935
3.41926e+07 0.972708 -1.68484 -981.081
3.43341e+07 0.975061 -1.68224 -981.224
3.44756e+07 0.977332 -1.68186 -981.367
3.46172e+07 0.979627 -1.68541 -981.511
3.47587e+07 0.982702 -1.69424 -981.655
3.49002e+07 0.986289 -1.70475 -981.798
3.50443e+07 0.98522 -1.71753 -981.945
3.51858e+07 0.990021 -1.72804 -982.088
3.53273e+07 0.994542 -1.73788 -982.232
3.54688e+07 0.99904 -1.74641 -982.376
3.56103e+07 1.00296 -1.75501 -982.52
3.57543e+07 1.00164 -1.76548 -982.666
3.58959e+07 1.00459 -1.77437 -982.81
3.60374e+07 1.00658 -1.7867 -982.954
3.61789e+07 1.00804 -1.79741 -983.098
3.63204e+07 1.00905 -1.80664 -983.241
3.64647e+07 1.00433 -1.81766 -983.388
3.66062e+07 1.00471 -1.82289 -983.532
3.67476e+07 1.00446 -1.82325 -983.675
3.68892e+07 1.00321 -1.82088 -983.819
3.70307e+07 1.00205 -1.81858 -983.963
3.71746e+07 0.996482 -1.81832 -984.109
3.73161e+07 0.996093 -1.81413 -984.252
3.74575e+07 0.995275 -1.80694 -984.392
3.7599e+07 0.994724 -1.79922 -984.53
3.77406e+07 0.993663 -1.79175 -984.668
3.78821e+07 0.992435 -1.7846 -984.805
3.8026e+07 0.987078 -1.77909 -984.944
3.81675e+07 0.98577 -1.76908 -985.081
3.8309e+07 0.984691 -1.75847 -985.217
3.84505e+07 0.983528 -1.74823 -985.354
3.8592e+07 0.982647 -1.73574 -985.49
3.87359e+07 0.976929 -1.7242 -985.629
3.88774e+07 0.975717 -1.71125 -985.765
3.9019e+07 0.974478 -1.69842 -985.901
3.91604e+07 0.972665 -1.68585 -986.038
3.9302e+07 0.970689 -1.67433 -986.174
3.94459e+07 0.963427 -1.66446 -986.313
3.95874e+07 0.961325 -1.65609 -986.449
3.97289e+07 0.960078 -1.65276 -986.585
3.98704e+07 0.959635 -1.65227 -986.722
4.00119e+07 0.959189 -1.65502 -986.858
4.01559e+07 0.954771 -1.66068 -986.997
4.02974e+07 0.954751 -1.66764 -987.134
4.04389e+07 0.954542 -1.67793 -987.274
4.05804e+07 0.954294 -1.68836 -987.416
4.07219e+07 0.954987 -1.69796 -987.559
4.08659e+07 0.952078 -1.70865 -987.704
4.10074e+07 0.954004 -1.71616 -987.848
4.11489e+07 0.955707 -1.72607 -987.991
4.12904e+07 0.956852 -1.73671 -988.135
4.14319e+07 0.957757 -1.74726 -988.278
4.15734e+07 0.958408 -1.7567 -988.422
4.17172e+07 0.95567 -1.76679 -988.568
4.18587e+07 0.957401 -1.7732 -988.712
4.20002e+07 0.959122 -1.77868 -988.855
4.21417e+07 0.961135 -1.78665 -988.999
4.22832e+07 0.963077 -1.79532 -989.143
4.24272e+07 0.961445 -1.80651 -989.289
4.25689e+07 0.963762 -1.8157 -989.433
4.27104e+07 0.966453 -1.82422 -989.577
4.28519e+07 0.968765 -1.8322 -989.721
4.29934e+07 0.970662 -1.83677 -989.865
4.31375e+07 0.967734 -1.84118 -990.011
4.3279e+07 0.969452 -1.83892 -990.155
4.34205e+07 0.971336 -1.83393 -990.298
4.3562e+07 0.972666 -1.82823 -990.442
4.37035e+07 0.973484 -1.82207 -990.585
4.38476e+07 0.969422 -1.81813 -990.732
4.39891e+07 0.97028 -1.81301 -990.875
4.41306e+07 0.971611 -1.80859 -991.019
4.42721e+07 0.973116 -1.80497 -991.162
4.44136e+07 0.974514 -1.79884 -991.306
4.45551e+07 0.975962 -1.79455 -991.449
4.46992e+07 0.972397 -1.79363 -991.596
4.48408e+07 0.974014 -1.79206 -991.739
4.49823e+07 0.97486 -1.79163 -991.883
4.51238e+07 0.975723 -1.79122 -992.027
4.52653e+07 0.9767 -1.79098 -992.17
4.54094e+07 0.972771 -1.79291 -992.316
4.55509e+07 0.973589 -1.79308 -992.46
4.56924e+07 0.973873 -1.79358 -992.6
4.58339e+07 0.973953 -1.79329 -992.739
4.59754e+07 0.974863 -1.79556 -992.877
4.61195e+07 0.971173 -1.79735 -993.016
4.6261e+07 0.973503 -1.79893 -993.153
4.64025e+07 0.975988 -1.80169 -993.29
4.6544e+07 0.97879 -1.80512 -993.428
4.66855e+07 0.981278 -1.80892 -993.565
4.68296e+07 0.97857 -1.8153 -993.704
4.69711e+07 0.980987 -1.81607 -993.841
4.71126e+07 0.982444 -1.81524 -993.978
4.72541e+07 0.983369 -1.81104 -994.115
4.73955e+07 0.983955 -1.80595 -994.252
4.7537e+07 0.984373 -1.7981 -994.388
4.76883e+07 0.967805 -1.79208 -994.534
4.78298e+07 0.970599 -1.774 -994.671
4.79713e+07 0.973641 -1.75465 -994.807
4.81128e+07 0.975785 -1.73663 -994.944
4.82544e+07 0.977277 -1.71969 -995.08
4.83982e+07 0.974586 -1.70531 -995.219
4.85397e+07 0.97698 -1.68759 -995.355
4.86812e+07 0.979647 -1.66977 -995.495
4.88227e+07 0.982307 -1.65345 -995.637
4.89642e+07 0.983312 -1.63902 -995.779
4.91082e+07 0.979212 -1.63111 -995.924
4.92497e+07 0.979142 -1.62464 -996.067
4.93912e+07 0.978783 -1.61982 -996.21
4.95327e+07 0.978183 -1.61573 -996.353
4.96742e+07 0.977121 -1.6119 -996.496
4.98181e+07 0.971324 -1.60926 -996.642
4.99597e+07 0.969753 -1.60902 -996.785
5.01012e+07 0.968374 -1.61059 -996.928
5.02427e+07 0.967236 -1.61482 -997.071
5.03842e+07 0.966854 -1.61949 -997.215
5.05281e+07 0.962869 -1.62858 -997.361
5.06696e+07 0.963247 -1.64096 -997.504
5.08111e+07 0.96376 -1.65486 -997.647
5.09526e+07 0.964096 -1.66811 -997.791
5.1094e+07 0.964585 -1.67682 -997.931
5.12355e+07 0.964801 -1.68353 -998.07
5.13794e+07 0.960486 -1.69058 -998.21
5.15209e+07 0.959969 -1.69748 -998.347
5.16625e+07 0.958911 -1.70494 -998.484
5.1804e+07 0.957828 -1.71189 -998.621
5.19455e+07 0.957345 -1.71827 -998.758
5.20894e+07 0.952775 -1.72644 -998.897
5.22309e+07 0.952651 -1.72991 -999.034
5.23724e+07 0.952425 -1.73282 -999.17
5.25139e+07 0.95226 -1.73281 -999.307
5.26554e+07 0.952682 -1.73165 -999.444
5.27993e+07 0.949518 -1.73167 -999.583
5.29408e+07 0.951975 -1.72922 -999.719
5.30823e+07 0.9548 -1.72436 -999.856
5.32238e+07 0.957549 -1.71881 -999.992
5.33653e+07 0.959938 -1.71374 -1000.13
5.35091e+07 0.957515 -1.71118 -1000.27
5.36506e+07 0.959256 -1.70766 -1000.4
5.37921e+07 0.960273 -1.70724 -1000.54
5.39337e+07 0.961048 -1.70809 -1000.68
5.40752e+07 0.962367 -1.71313 -1000.82
5.42167e+07 0.964043 -1.71965 -1000.96
5.43607e+07 0.961362 -1.72827 -1001.1
5.45022e+07 0.964298 -1.73543 -1001.25
5.46437e+07 0.967699 -1.74218 -1001.39
5.47852e+07 0.97153 -1.74828 -1001.53
5.49268e+07 0.975262 -1.75418 -1001.68
5.50709e+07 0.974314 -1.76114 -1001.82
5.52123e+07 0.978539 -1.76489 -1001.97
5.53538e+07 0.982515 -1.76823 -1002.11
5.54953e+07 0.986095 -1.77357 -1002.25
5.56369e+07 0.989582 -1.78035 -1002.4
5.5781e+07 0.988112 -1.78924 -1002.54
5.59225e+07 0.991781 -1.79601 -1002.69
5.6064e+07 0.995577 -1.80544 -1002.83
5.62055e+07 0.998971 -1.81615 -1002.98
5.6347e+07 1.00185 -1.82952 -1003.12
5.64911e+07 0.999515 -1.84515 -1003.27
5.66326e+07 1.00214 -1.85753 -1003.41
5.67743e+07 1.0046 -1.86959 -1003.55
5.69158e+07 1.00744 -1.8815 -1003.7
5.70573e+07 1.00966 -1.88922 -1003.84
5.72014e+07 1.00666 -1.89692 -1003.99
5.73429e+07 1.00838 -1.90108 -1004.13
5.74844e+07 1.0092 -1.90156 -1004.28
5.76259e+07 1.00882 -1.89997 -1004.42
5.77673e+07 1.00704 -1.8956 -1004.56
5.79089e+07 1.00426 -1.88942 -1004.7
5.8053e+07 0.996612 -1.88446 -1004.84
5.81944e+07 0.993964 -1.87787 -1004.98
5.83359e+07 0.991139 -1.8709 -1005.11
5.84775e+07 0.988427 -1.86439 -1005.25
5.8619e+07 0.985638 -1.85478 -1005.39
5.8763e+07 0.978009 -1.84323 -1005.53
5.89046e+07 0.974023 -1.82871 -1005.66
5.90461e+07 0.96935 -1.81375 -1005.8
5.91876e+07 0.965207 -1.79962 -1005.93
5.93291e+07 0.961497 -1.78657 -1006.07
5.94731e+07 0.953781 -1.773 -1006.21
5.96146e+07 0.950776 -1.75418 -1006.35
5.97561e+07 0.947273 -1.73473 -1006.48
5.98976e+07 0.943521 -1.71541 -1006.62
6.00391e+07 0.939638 -1.70002 -1006.76
6.01831e+07 0.931386 -1.68606 -1006.89
6.03246e+07 0.928686 -1.67151 -1007.03
6.04661e+07 0.926665 -1.66115 -1007.17
6.06076e+07 0.925489 -1.65347 -1007.3
6.07491e+07 0.925256 -1.64969 -1007.44
6.08906e+07 0.926418 -1.64785 -1007.58
6.10348e+07 0.923238 -1.64887 -1007.73
6.11763e+07 0.925234 -1.65107 -1007.87
6.13178e+07 0.927278 -1.65394 -1008.01
6.14593e+07 0.929805 -1.65616 -1008.16
6.16008e+07 0.932418 -1.66129 -1008.3
6.17449e+07 0.930673 -1.67198 -1008.45
6.18864e+07 0.934381 -1.68195 -1008.59
6.20279e+07 0.938319 -1.69163 -1008.73
6.21694e+07 0.941669 -1.69989 -1008.88
6.2311e+07 0.9446 -1.70722 -1009.02
6.24551e+07 0.942552 -1.71895 -1009.17
6.25966e+07 0.945268 -1.73303 -1009.31
6.27381e+07 0.948065 -1.74525 -1009.45
6.28796e+07 0.950542 -1.75648 -1009.6
6.30211e+07 0.953306 -1.7667 -1009.74
6.31652e+07 0.951931 -1.78055 -1009.89
6.33067e+07 0.955019 -1.79216 -1010.03
6.34482e+07 0.958069 -1.80337 -1010.18
6.35897e+07 0.961093 -1.81398 -1010.32
6.37312e+07 0.963798 -1.82365 -1010.46
6.38753e+07 0.961029 -1.83161 -1010.61
6.40168e+07 0.963841 -1.83474 -1010.75
6.41583e+07 0.967002 -1.83669 -1010.9
6.42998e+07 0.970303 -1.83883 -1011.04
6.44414e+07 0.973078 -1.84202 -1011.18
6.45829e+07 0.975639 -1.84593 -1011.33
6.4727e+07 0.974019 -1.85203 -1011.47
6.48685e+07 0.97772 -1.85529 -1011.62
6.501e+07 0.980944 -1.85925 -1011.76
6.51515e+07 0.983665 -1.8633 -1011.91
6.5293e+07 0.986142 -1.86747 -1012.05
6.54371e+07 0.983682 -1.87338 -1012.2
6.55786e+07 0.986099 -1.87634 -1012.34
6.57201e+07 0.98911 -1.87856 -1012.48
6.58616e+07 0.992783 -1.87715 -1012.63
6.60031e+07 0.995995 -1.87449 -1012.77
6.61474e+07 0.993667 -1.8734 -1012.92
6.62889e+07 0.996318 -1.86961 -1013.06
6.64304e+07 0.998009 -1.8657 -1013.21
6.65719e+07 0.998804 -1.86208 -1013.35
6.67134e+07 0.998935 -1.85585 -1013.49
6.68574e+07 0.994904 -1.85404 -1013.64
6.69989e+07 0.994514 -1.85254 -1013.78
6.71404e+07 0.993577 -1.84949 -1013.93
6.72819e+07 0.992277 -1.84662 -1014.07
6.74234e+07 0.989956 -1.84381 -1014.21
6.75649e+07 0.987363 -1.84079 -1014.36
6.77089e+07 0.97985 -1.84008 -1014.5
6.78504e+07 0.976893 -1.83813 -1014.65
6.79919e+07 0.974077 -1.83522 -1014.79
6.81334e+07 0.972216 -1.83217 -1014.93
6.82749e+07 0.970698 -1.82798 -1015.08
6.84188e+07 0.965386 -1.8248 -1015.22
6.85604e+07 0.964888 -1.8202 -1015.37
6.87019e+07 0.964072 -1.81695 -1015.51
6.88434e+07 0.962643 -1.81699 -1015.65
6.89849e+07 0.960393 -1.81825 -1015.8
6.91288e+07 0.953856 -1.82272 -1015.94
6.92704e+07 0.952235 -1.82595 -1016.09
6.94119e+07 0.951443 -1.82869 -1016.23
6.95534e+07 0.951407 -1.83107 -1016.37
6.96949e+07 0.952135 -1.83633 -1016.52
6.98388e+07 0.948603 -1.84467 -1016.66
6.99803e+07 0.95033 -1.85032 -1016.81
7.01219e+07 0.952052 -1.85832 -1016.95
7.02634e+07 0.953852 -1.86628 -1017.09
7.04048e+07 0.956442 -1.87053 -1017.24
7.05488e+07 0.954527 -1.87485 -1017.38
7.06903e+07 0.957513 -1.8754 -1017.53
7.08318e+07 0.959838 -1.87573 -1017.67
7.09735e+07 0.962079 -1.87728 -1017.82
7.1115e+07 0.964545 -1.87634 -1017.96
7.12565e+07 0.966929 -1.8751 -1018.1
7.14003e+07 0.964806 -1.87581 -1018.25
7.15418e+07 0.96723 -1.87364 -1018.39
7.16833e+07 0.969575 -1.87071 -1018.54
7.18248e+07 0.97182 -1.86473 -1018.68
7.19663e+07 0.97456 -1.85783 -1018.82
7.21103e+07 0.97248 -1.8517 -1018.97
7.22518e+07 0.975419 -1.84329 -1019.11
7.23933e+07 0.97747 -1.83514 -1019.26
7.25349e+07 0.978606 -1.82756 -1019.4
7.26764e+07 0.979031 -1.82072 -1019.54
7.28205e+07 0.974534 -1.81642 -1019.69
7.2962e+07 0.974584 -1.8078 -1019.83
7.31035e+07 0.974196 -1.79823 -1019.98
7.3245e+07 0.973074 -1.78854 -1020.12
7.33865e+07 0.971552 -1.77898 -1020.26
7.35306e+07 0.965324 -1.77161 -1020.41
7.36721e+07 0.963961 -1.76393 -1020.55
7.38136e+07 0.962987 -1.75629 -1020.7
7.39551e+07 0.962012 -1.74598 -1020.84
7.40966e+07 0.960792 -1.73766 -1020.98
7.42381e+07 0.959997 -1.73075 -1021.13
7.43822e+07 0.955308 -1.72699 -1021.27
7.45238e+07 0.955636 -1.72222 -1021.42
7.46652e+07 0.955155 -1.71782 -1021.56
7.48068e+07 0.95409 -1.71702 -1021.7
7.49483e+07 0.952769 -1.71771 -1021.85
7.50924e+07 0.947541 -1.72102 -1021.99
7.52339e+07 0.947494 -1.72313 -1022.13
7.53754e+07 0.947597 -1.7255 -1022.28
7.55169e+07 0.947795 -1.72454 -1022.42
7.56584e+07 0.948014 -1.7215 -1022.57
7.58025e+07 0.943703 -1.71996 -1022.71
7.5944e+07 0.945821 -1.71942 -1022.85
7.60855e+07 0.948646 -1.72065 -1023
7.6227e+07 0.952383 -1.71902 -1023.14
7.63685e+07 0.956397 -1.71671 -1023.28
7.65126e+07 0.955841 -1.71614 -1023.43
7.66541e+07 0.960205 -1.71294 -1023.57
7.67956e+07 0.963985 -1.70976 -1023.71
7.69372e+07 0.967064 -1.70911 -1023.85
7.70787e+07 0.96962 -1.70947 -1023.98
7.72226e+07 0.966729 -1.70894 -1024.12
7.73642e+07 0.967419 -1.70523 -1024.26
7.75057e+07 0.967974 -1.70139 -1024.4
7.76472e+07 0.969199 -1.70179 -1024.53
7.77887e+07 0.970949 -1.70117 -1024.67
7.79302e+07 0.973196 -1.70001 -1024.81
7.80742e+07 0.970572 -1.70076 -1024.95
7.82157e+07 0.973203 -1.69951 -1025.08
7.83573e+07 0.976027 -1.69857 -1025.22
7.84988e+07 0.979418 -1.70095 -1025.36
7.86403e+07 0.982589 -1.705 -1025.49
7.87844e+07 0.981081 -1.7102 -1025.63
7.8926e+07 0.983653 -1.71237 -1025.77
7.90675e+07 0.985746 -1.71371 -1025.91
7.9209e+07 0.987684 -1.71818 -1026.04
7.93505e+07 0.989818 -1.72686 -1026.18
7.94946e+07 0.987037 -1.73893 -1026.32
7.96361e+07 0.989152 -1.74877 -1026.46
7.97776e+07 0.991053 -1.75616 -1026.6
7.99191e+07 0.992109 -1.76212 -1026.74
8.00606e+07 0.992997 -1.76392 -1026.89
8.02047e+07 0.989028 -1.76864 -1027.03
8.03462e+07 0.990204 -1.76819 -1027.18
8.04877e+07 0.991077 -1.76629 -1027.32
8.06292e+07 0.991239 -1.76277 -1027.46
8.07707e+07 0.990631 -1.76197 -1027.61
8.09122e+07 0.989392 -1.76259 -1027.75
8.10564e+07 0.983601 -1.76551 -1027.9
8.11979e+07 0.982101 -1.76627 -1028.04
8.13394e+07 0.980337 -1.76738 -1028.18
8.14809e+07 0.97828 -1.76846 -1028.33
8.16224e+07 0.977033 -1.76653 -1028.47
8.17665e+07 0.971477 -1.7653 -1028.61
8.1908e+07 0.970811 -1.76208 -1028.75
8.20495e+07 0.969969 -1.75931 -1028.89
8.2191e+07 0.969215 -1.75327 -1029.03
8.23325e+07 0.968122 -1.74613 -1029.16
8.24766e+07 0.96265 -1.74073 -1029.3
8.26181e+07 0.962619 -1.73374 -1029.44
8.27596e+07 0.962604 -1.72909 -1029.58
8.29011e+07 0.963153 -1.72585 -1029.71
8.30426e+07 0.963741 -1.72657 -1029.85
8.31867e+07 0.960261 -1.73076 -1029.99
8.33282e+07 0.962134 -1.73695 -1030.13
8.34697e+07 0.964044 -1.74494 -1030.26
8.36112e+07 0.966473 -1.75039 -1030.4
8.37527e+07 0.969701 -1.75406 -1030.54
8.38942e+07 0.972884 -1.75712 -1030.67
8.40386e+07 0.970789 -1.76164 -1030.81
8.41801e+07 0.974712 -1.76321 -1030.95
8.43216e+07 0.978045 -1.76419 -1031.09
8.44631e+07 0.98068 -1.76499 -1031.22
8.46046e+07 0.982228 -1.76801 -1031.36
8.47486e+07 0.978347 -1.77402 -1031.5
8.489e+07 0.978298 -1.7749 -1031.65
8.50316e+07 0.977387 -1.77361 -1031.79
8.51732e+07 0.976027 -1.77496 -1031.93
8.53148e+07 0.975216 -1.77644 -1032.08
8.54587e+07 0.970313 -1.77962 -1032.22
8.56002e+07 0.97028 -1.78148 -1032.37
8.57417e+07 0.970676 -1.78082 -1032.51
8.58832e+07 0.971142 -1.77858 -1032.65
8.60247e+07 0.971819 -1.77639 -1032.8
8.61686e+07 0.967522 -1.77347 -1032.94
8.63101e+07 0.967588 -1.76482 -1033.09
8.64516e+07 0.966843 -1.75495 -1033.23
8.65931e+07 0.965754 -1.74539 -1033.37
8.67346e+07 0.963565 -1.73649 -1033.52
8.68786e+07 0.956872 -1.72928 -1033.66
8.70201e+07 0.954792 -1.72185 -1033.81
8.71616e+07 0.953076 -1.71285 -1033.95
8.73031e+07 0.952047 -1.70378 -1034.09
8.74446e+07 0.951622 -1.69539 -1034.24
8.75862e+07 0.951785 -1.688 -1034.38
8.77301e+07 0.948413 -1.68243 -1034.52
8.78716e+07 0.950537 -1.67923 -1034.67
8.80131e+07 0.952799 -1.67803 -1034.81
8.81546e+07 0.954814 -1.67803 -1034.95
8.82961e+07 0.956402 -1.67581 -1035.1
8.84401e+07 0.952828 -1.67388 -1035.24
8.85816e+07 0.95331 -1.66919 -1035.39
8.87231e+07 0.953471 -1.66771 -1035.53
8.88646e+07 0.953638 -1.66798 -1035.67
8.90061e+07 0.953458 -1.66853 -1035.82
8.915e+07 0.949329 -1.67096 -1035.96
8.92915e+07 0.950114 -1.67501 -1036.11
8.9433e+07 0.952086 -1.68047 -1036.25
8.95745e+07 0.954344 -1.6888 -1036.39
8.9716e+07 0.957249 -1.69817 -1036.53
8.986e+07 0.955702 -1.70982 -1036.67
9.00015e+07 0.958817 -1.71815 -1036.8
9.0143e+07 0.961028 -1.72881 -1036.94
9.02845e+07 0.96264 -1.73666 -1037.08
9.0426e+07 0.963517 -1.74273 -1037.22
9.05675e+07 0.96391 -1.7481 -1037.35
9.07116e+07 0.95936 -1.75554 -1037.49
9.08531e+07 0.959928 -1.76033 -1037.63
9.09946e+07 0.961036 -1.76495 -1037.77
9.11362e+07 0.962049 -1.76926 -1037.9
9.12777e+07 0.962936 -1.77665 -1038.04
9.14218e+07 0.959508 -1.78695 -1038.18
9.15633e+07 0.961143 -1.79512 -1038.32
9.17048e+07 0.962314 -1.80294 -1038.45
9.18463e+07 0.963234 -1.81048 -1038.59
9.19879e+07 0.964219 -1.8174 -1038.73
9.2132e+07 0.961443 -1.82784 -1038.87
9.22735e+07 0.963295 -1.83551 -1039
9.2415e+07 0.964473 -1.84275 -1039.14
9.25565e+07 0.965543 -1.84937 -1039.28
9.2698e+07 0.96595 -1.8554 -1039.42
9.28422e+07 0.961729 -1.86332 -1039.57
9.29836e+07 0.96205 -1.86574 -1039.71
9.31251e+07 0.962383 -1.8635 -1039.86
9.32666e+07 0.962634 -1.86272 -1040
9.34081e+07 0.963212 -1.86239 -1040.14
9.35522e+07 0.959831 -1.86105 -1040.29
9.36937e+07 0.960964 -1.85609 -1040.43
9.38352e+07 0.961651 -1.85072 -1040.58
9.39768e+07 0.962201 -1.84609 -1040.72
9.41182e+07 0.962298 -1.83885 -1040.86
9.42597e+07 0.961937 -1.83082 -1041.01
9.44039e+07 0.956811 -1.82551 -1041.15
9.45454e+07 0.95705 -1.81862 -1041.3
9.46869e+07 0.957536 -1.81189 -1041.44
9.48284e+07 0.95838 -1.80517 -1041.58
9.49699e+07 0.959764 -1.79838 -1041.73
9.51282e+07 0.93132 -1.80449 -1041.89
9.52697e+07 0.935819 -1.79897 -1042.03
9.54112e+07 0.940087 -1.79439 -1042.17
9.55527e+07 0.944532 -1.79074 -1042.32
9.56942e+07 0.949496 -1.78807 -1042.46
9.58421e+07 0.943431 -1.79011 -1042.61
9.59836e+07 0.950501 -1.78684 -1042.75
9.61251e+07 0.956891 -1.78643 -1042.89
9.62666e+07 0.963262 -1.78675 -1043.03
9.64081e+07 0.969043 -1.78724 -1043.16
9.6552e+07 0.969328 -1.79012 -1043.3
9.66935e+07 0.974037 -1.79097 -1043.44
9.6835e+07 0.978215 -1.79202 -1043.58
9.69765e+07 0.981207 -1.79229 -1043.71
9.7118e+07 0.983915 -1.79564 -1043.85
9.72596e+07 0.986499 -1.80008 -1043.99
9.74035e+07 0.984762 -1.80658 -1044.13
9.7545e+07 0.988039 -1.81091 -1044.26
9.76865e+07 0.99141 -1.81584 -1044.4
9.7828e+07 0.994162 -1.81774 -1044.54
9.79695e+07 0.99615 -1.81914 -1044.68
9.81135e+07 0.993012 -1.82194 -1044.82
9.8255e+07 0.994164 -1.8222 -1044.95
9.83965e+07 0.995517 -1.82155 -1045.09
9.8538e+07 0.996598 -1.8176 -1045.23
9.86795e+07 0.996818 -1.81214 -1045.36
9.88234e+07 0.991902 -1.80797 -1045.5
9.8965e+07 0.991499 -1.80526 -1045.64
9.91065e+07 0.991978 -1.80434 -1045.78
9.9248e+07 0.992519 -1.80442 -1045.93
9.93897e+07 0.992857 -1.80504 -1046.07
9.95336e+07 0.989576 -1.81048 -1046.22
9.96752e+07 0.991023 -1.81535 -1046.36
9.98167e+07 0.992738 -1.81729 -1046.5
9.99582e+07 0.994543 -1.81908 -1046.65
1.001e+08 0.996862 -1.82015 -1046.79
1.00245e+08 0.993364 -1.82098 -1046.94
1.00387e+08 0.994275 -1.81812 -1047.08
1.0053e+08 0.994073 -1.81434 -1047.23
1.00672e+08 0.993223 -1.80979 -1047.37
1.00815e+08 0.992319 -1.80539 -1047.52
1.00957e+08 0.991658 -1.80074 -1047.66
1.01102e+08 0.987624 -1.79818 -1047.81
1.01245e+08 0.987526 -1.79379 -1047.95
1.01387e+08 0.986411 -1.7899 -1048.1
1.0153e+08 0.984733 -1.79018 -1048.24
1.01672e+08 0.98325 -1.79191 -1048.39
1.01818e+08 0.97671 -1.79378 -1048.53
1.0196e+08 0.975251 -1.7896 -1048.68
1.02103e+08 0.973194 -1.78357 -1048.82
1.02246e+08 0.970324 -1.77769 -1048.97
1.02388e+08 0.967503 -1.77271 -1049.11
1.02533e+08 0.960142 -1.76972 -1049.26
1.02676e+08 0.958264 -1.76491 -1049.4
1.02818e+08 0.956545 -1.76105 -1049.55
1.02961e+08 0.955334 -1.75705 -1049.69
1.03103e+08 0.953951 -1.75318 -1049.84
1.03249e+08 0.947913 -1.75332 -1049.98
1.03391e+08 0.947053 -1.75355 -1050.13
1.03534e+08 0.946992 -1.75551 -1050.27
1.03676e+08 0.94789 -1.75774 -1050.42
1.03819e+08 0.949387 -1.76292 -1050.56
1.03964e+08 0.945922 -1.77067 -1050.71
1.04106e+08 0.947432 -1.77189 -1050.85
1.04249e+08 0.949767 -1.76788 -1051
1.04392e+08 0.952922 -1.75923 -1051.14
1.04534e+08 0.955908 -1.74782 -1051.29
1.04679e+08 0.95435 -1.73765 -1051.43
1.04822e+08 0.958182 -1.72914 -1051.58
1.04964e+08 0.961834 -1.72552 -1051.72
1.05107e+08 0.964711 -1.72429 -1051.87
1.05249e+08 0.968395 -1.72376 -1052.01
1.05392e+08 0.972311 -1.72363 -1052.16
1.05537e+08 0.971677 -1.72586 -1052.3
1.0568e+08 0.975178 -1.72687 -1052.45
1.05822e+08 0.978382 -1.72989 -1052.59
1.05965e+08 0.981627 -1.73353 -1052.74
1.06107e+08 0.984942 -1.73793 -1052.88
1.06253e+08 0.983713 -1.74466 -1053.03
1.06395e+08 0.987267 -1.74894 -1053.17
1.06538e+08 0.990275 -1.75287 -1053.32
1.0668e+08 0.992277 -1.75725 -1053.46
1.06823e+08 0.993583 -1.76189 -1053.61
1.06968e+08 0.990219 -1.76898 -1053.76
1.0711e+08 0.990764 -1.77747 -1053.9
1.07253e+08 0.990372 -1.79055 -1054.04
1.07396e+08 0.989009 -1.80771 -1054.19
1.07538e+08 0.988172 -1.82612 -1054.33
1.07684e+08 0.982788 -1.84644 -1054.48
1.07826e+08 0.983209 -1.86244 -1054.63
1.07969e+08 0.984404 -1.87666 -1054.77
1.08111e+08 0.986299 -1.88683 -1054.92
1.08254e+08 0.9876 -1.89444 -1055.06
1.08399e+08 0.983499 -1.89944 -1055.21
1.08541e+08 0.983615 -1.89946 -1055.36
1.08684e+08 0.983948 -1.89799 -1055.5
1.08827e+08 0.983139 -1.89691 -1055.64
1.08969e+08 0.981524 -1.8967 -1055.79
1.09112e+08 0.979613 -1.89651 -1055.93
1.09257e+08 0.972973 -1.89853 -1056.08
1.09399e+08 0.971209 -1.89833 -1056.23
1.09542e+08 0.969656 -1.89807 -1056.37
1.09685e+08 0.968154 -1.89777 -1056.52
1.09827e+08 0.966953 -1.89732 -1056.66
1.09972e+08 0.961288 -1.89889 -1056.81
1.10115e+08 0.96162 -1.89899 -1056.95
1.10257e+08 0.962577 -1.89918 -1057.1
1.104e+08 0.963866 -1.89955 -1057.24
1.10542e+08 0.964197 -1.89701 -1057.39
1.10688e+08 0.959099 -1.89492 -1057.53
1.1083e+08 0.958263 -1.88947 -1057.68
1.10973e+08 0.957279 -1.88348 -1057.82
1.11115e+08 0.955898 -1.88007 -1057.97
1.11258e+08 0.954322 -1.8777 -1058.11
1.11403e+08 0.948363 -1.88154 -1058.26
1.11546e+08 0.9482 -1.88449 -1058.41
1.11688e+08 0.948335 -1.88476 -1058.55
1.11831e+08 0.948818 -1.88411 -1058.7
1.11973e+08 0.949261 -1.8819 -1058.84
1.12118e+08 0.94525 -1.88104 -1058.98
1.12261e+08 0.946756 -1.878 -1059.12
1.12403e+08 0.9491 -1.87501 -1059.26
1.12546e+08 0.95161 -1.86871 -1059.39
1.12689e+08 0.954574 -1.86143 -1059.53
1.12834e+08 0.953025 -1.85293 -1059.67
1.12976e+08 0.956527 -1.8385 -1059.81
1.13119e+08 0.959311 -1.82253 -1059.95
1.13261e+08 0.961952 -1.80771 -1060.09
1.13404e+08 0.964564 -1.79415 -1060.22
1.13546e+08 0.967791 -1.78515 -1060.36
1.13692e+08 0.965498 -1.78102 -1060.5
1.13835e+08 0.970467 -1.77669 -1060.64
1.13977e+08 0.974951 -1.77365 -1060.78
1.1412e+08 0.978316 -1.77094 -1060.92
1.14262e+08 0.980766 -1.76932 -1061.05
1.14407e+08 0.978503 -1.76645 -1061.19
1.1455e+08 0.980675 -1.75816 -1061.33
1.14692e+08 0.982246 -1.75188 -1061.47
1.14835e+08 0.983843 -1.74614 -1061.61
1.14978e+08 0.985482 -1.74155 -1061.75
1.15122e+08 0.9821 -1.7362 -1061.89
1.15265e+08 0.982388 -1.72804 -1062.04
1.15408e+08 0.982312 -1.71968 -1062.18
1.1555e+08 0.981786 -1.71511 -1062.32
1.15693e+08 0.980611 -1.71167 -1062.47
1.15838e+08 0.975242 -1.71091 -1062.61
1.1598e+08 0.974258 -1.71184 -1062.76
1.16123e+08 0.973149 -1.71371 -1062.9
1.16265e+08 0.971758 -1.71527 -1063.05
1.16408e+08 0.969793 -1.71634 -1063.19
1.16553e+08 0.963328 -1.71885 -1063.34
1.16695e+08 0.961073 -1.72058 -1063.48
1.16838e+08 0.957753 -1.72298 -1063.63
1.16981e+08 0.953824 -1.72653 -1063.77
1.17123e+08 0.950407 -1.73068 -1063.92
1.17268e+08 0.943397 -1.73648 -1064.07
1.17411e+08 0.941451 -1.74003 -1064.21
1.17553e+08 0.940104 -1.74631 -1064.35
1.17696e+08 0.939556 -1.75365 -1064.5
1.17838e+08 0.939958 -1.76152 -1064.64
1.17981e+08 0.940929 -1.76896 -1064.79
1.18126e+08 0.938158 -1.7805 -1064.94
1.18268e+08 0.940576 -1.78768 -1065.08
1.18411e+08 0.942039 -1.79351 -1065.22
1.18553e+08 0.942761 -1.79787 -1065.37
1.18696e+08 0.943519 -1.80166 -1065.51
1.18841e+08 0.940024 -1.80944 -1065.66
1.18983e+08 0.941257 -1.81606 -1065.81
1.19126e+08 0.942917 -1.82006 -1065.95
1.19269e+08 0.944386 -1.81948 -1066.09
1.19411e+08 0.945948 -1.8169 -1066.24
1.19556e+08 0.942718 -1.81151 -1066.39
1.19699e+08 0.944341 -1.80135 -1066.53
1.19842e+08 0.945956 -1.79027 -1066.68
1.19984e+08 0.948083 -1.7792 -1066.82
1.20127e+08 0.95004 -1.76907 -1066.96
1.20272e+08 0.947168 -1.76148 -1067.11
1.20414e+08 0.949129 -1.75628 -1067.26
1.20557e+08 0.950334 -1.753 -1067.4
1.207e+08 0.951374 -1.75033 -1067.54
1.20842e+08 0.951962 -1.74822 -1067.69
1.20987e+08 0.94767 -1.74826 -1067.84
1.2113e+08 0.947462 -1.7471 -1067.98
1.21272e+08 0.947238 -1.74966 -1068.13
1.21415e+08 0.947405 -1.75389 -1068.27
1.21558e+08 0.948049 -1.75838 -1068.41
1.21703e+08 0.944109 -1.76485 -1068.56
1.21845e+08 0.944617 -1.76895 -1068.71
1.21988e+08 0.944487 -1.77355 -1068.85
1.2213e+08 0.944048 -1.78164 -1069
1.22273e+08 0.943831 -1.79335 -1069.14
1.22415e+08 0.943528 -1.80638 -1069.29
1.22561e+08 0.937738 -1.82256 -1069.43
1.22703e+08 0.937349 -1.83603 -1069.58
1.22846e+08 0.936759 -1.84827 -1069.72
1.22988e+08 0.936271 -1.85948 -1069.87
1.23131e+08 0.936073 -1.86981 -1070.01
1.23276e+08 0.9315 -1.88205 -1070.16
1.23419e+08 0.931973 -1.89132 -1070.3
1.23561e+08 0.932549 -1.89969 -1070.45
1.23704e+08 0.932713 -1.9086 -1070.59
1.23846e+08 0.933078 -1.91787 -1070.74
1.23991e+08 0.928982 -1.929 -1070.89
1.24134e+08 0.930782 -1.93665 -1071.03
1.24276e+08 0.932532 -1.94288 -1071.18
1.24419e+08 0.934773 -1.94466 -1071.32
1.24562e+08 0.936818 -1.94483 -1071.47
1.24707e+08 0.933511 -1.94652 -1071.61
1.24849e+08 0.934845 -1.94608 -1071.76
1.24992e+08 0.936157 -1.94504 -1071.9
1.25134e+08 0.936696 -1.94379 -1072.05
1.25277e+08 0.937327 -1.94288 -1072.19
1.25422e+08 0.933124 -1.94125 -1072.34
1.25565e+08 0.935238 -1.93911 -1072.48
1.25707e+08 0.938067 -1.93832 -1072.63
1.2585e+08 0.941889 -1.93804 -1072.77
1.25992e+08 0.945534 -1.93426 -1072.92
1.26138e+08 0.944724 -1.9314 -1073.07
1.2628e+08 0.949398 -1.92527 -1073.21
1.26423e+08 0.954157 -1.9159 -1073.35
1.26565e+08 0.958464 -1.9061 -1073.5
1.26708e+08 0.962981 -1.89297 -1073.64
1.2685e+08 0.966444 -1.87834 -1073.79
1.26995e+08 0.964936 -1.86659 -1073.93
1.27138e+08 0.967829 -1.85381 -1074.08
1.27281e+08 0.970614 -1.84249 -1074.22
1.27423e+08 0.9729 -1.8353 -1074.37
1.27566e+08 0.974849 -1.83073 -1074.51
1.27711e+08 0.972548 -1.82586 -1074.66
1.27853e+08 0.975846 -1.81513 -1074.8
1.27996e+08 0.978741 -1.80007 -1074.95
1.28139e+08 0.982605 -1.78128 -1075.09
1.28281e+08 0.986074 -1.76182 -1075.24
1.28426e+08 0.984274 -1.74781 -1075.38
1.28569e+08 0.987761 -1.73487 -1075.53
1.28711e+08 0.990433 -1.72351 -1075.67
1.28854e+08 0.99259 -1.71381 -1075.82
1.28997e+08 0.994526 -1.70883 -1075.96
1.29142e+08 0.991391 -1.70414 -1076.11
1.29284e+08 0.992513 -1.69754 -1076.25
1.29427e+08 0.993101 -1.69114 -1076.4
1.29569e+08 0.993293 -1.68505 -1076.54
1.29712e+08 0.99276 -1.68219 -1076.68
1.29857e+08 0.987737 -1.68267 -1076.83
1.3e+08 0.987785 -1.68169 -1076.98
1.30142e+08 0.987666 -1.68196 -1077.12
1.30285e+08 0.987435 -1.68291 -1077.26
1.30427e+08 0.987002 -1.68467 -1077.41
1.30572e+08 0.982175 -1.68774 -1077.56
1.30715e+08 0.982406 -1.69168 -1077.7
1.30857e+08 0.981685 -1.69938 -1077.85
1.31e+08 0.981016 -1.71227 -1077.99
1.31143e+08 0.979624 -1.72967 -1078.13
1.31285e+08 0.978289 -1.7455 -1078.28
1.31431e+08 0.971197 -1.75892 -1078.43
1.31573e+08 0.970034 -1.7664 -1078.57
1.31716e+08 0.968677 -1.77238 -1078.72
1.31858e+08 0.967041 -1.77501 -1078.86
1.32001e+08 0.964891 -1.77267 -1079
1.32146e+08 0.958609 -1.77057 -1079.15
1.32288e+08 0.957457 -1.76665 -1079.3
1.32431e+08 0.956481 -1.7623 -1079.44
1.32574e+08 0.95557 -1.758 -1079.58
1.32716e+08 0.954869 -1.75047 -1079.73
1.32861e+08 0.950085 -1.7429 -1079.88
1.33004e+08 0.949551 -1.73313 -1080.02
1.33146e+08 0.949401 -1.72303 -1080.16
1.33289e+08 0.949332 -1.7105 -1080.31
1.33431e+08 0.949568 -1.69792 -1080.45
1.33576e+08 0.945855 -1.6848 -1080.6
1.33719e+08 0.946404 -1.6709 -1080.74
1.33861e+08 0.947376 -1.65849 -1080.89
1.34004e+08 0.947788 -1.64657 -1081.03
1.34146e+08 0.948505 -1.63543 -1081.17
1.34291e+08 0.945246 -1.62626 -1081.32
1.34434e+08 0.947261 -1.61663 -1081.46
1.34576e+08 0.949072 -1.60777 -1081.61
1.34719e+08 0.950743 -1.59942 -1081.75
1.34862e+08 0.952386 -1.59463 -1081.9
1.35004e+08 0.95441 -1.59127 -1082.04
1.35149e+08 0.952034 -1.58947 -1082.19
1.35292e+08 0.953551 -1.58306 -1082.33
1.35434e+08 0.954379 -1.57862 -1082.47
1.35577e+08 0.955013 -1.57514 -1082.62
1.35719e+08 0.955948 -1.57573 -1082.76
1.35864e+08 0.953372 -1.57976 -1082.91
1.36007e+08 0.956161 -1.5808 -1083.05
1.36149e+08 0.958578 -1.57809 -1083.2
1.36292e+08 0.96021 -1.57634 -1083.34
1.36434e+08 0.960592 -1.57445 -1083.49
1.36579e+08 0.956368 -1.57653 -1083.63
1.36722e+08 0.956597 -1.57474 -1083.78
1.36864e+08 0.956581 -1.57197 -1083.92
1.37007e+08 0.957089 -1.56892 -1084.06
1.37149e+08 0.957658 -1.56561 -1084.21
1.37295e+08 0.952863 -1.5673 -1084.36
1.37437e+08 0.953522 -1.57167 -1084.5
1.3758e+08 0.953484 -1.57809 -1084.64
1.37723e+08 0.953052 -1.58538 -1084.79
1.37865e+08 0.951795 -1.59215 -1084.93
1.3801e+08 0.945389 -1.60443 -1085.08
1.38153e+08 0.944041 -1.61915 -1085.22
1.38295e+08 0.942909 -1.63827 -1085.37
1.38438e+08 0.94245 -1.65906 -1085.51
1.3858e+08 0.942614 -1.67667 -1085.66
1.38726e+08 0.937744 -1.69369 -1085.8
1.38868e+08 0.936457 -1.70696 -1085.95
1.39011e+08 0.934071 -1.72159 -1086.09
1.39153e+08 0.93146 -1.73955 -1086.24
1.39296e+08 0.928745 -1.75816 -1086.38
1.39438e+08 0.926618 -1.77651 -1086.53
1.39584e+08 0.920226 -1.79631 -1086.67
1.39726e+08 0.919436 -1.81575 -1086.82
1.39869e+08 0.918986 -1.83471 -1086.96
1.40011e+08 0.918748 -1.85327 -1087.11
1.40154e+08 0.918953 -1.8679 -1087.25
1.40299e+08 0.914668 -1.88179 -1087.4
1.40441e+08 0.915065 -1.88923 -1087.55
1.40584e+08 0.915378 -1.89446 -1087.69
1.40726e+08 0.91572 -1.89832 -1087.83
1.40869e+08 0.917436 -1.90096 -1087.98
1.41014e+08 0.915259 -1.90447 -1088.13
1.41157e+08 0.918594 -1.90499 -1088.27
1.41299e+08 0.921906 -1.90551 -1088.42
1.41442e+08 0.92505 -1.90586 -1088.56
1.41584e+08 0.927956 -1.90903 -1088.71
1.4173e+08 0.926021 -1.91576 -1088.85
1.41872e+08 0.929419 -1.92056 -1089
1.42015e+08 0.933582 -1.92539 -1089.14
1.42157e+08 0.938045 -1.9296 -1089.29
1.423e+08 0.942306 -1.93331 -1089.43
1.42453e+08 0.928118 -1.94421 -1089.59
1.42595e+08 0.933109 -1.94542 -1089.73
1.42738e+08 0.937428 -1.94601 -1089.88
1.42881e+08 0.941403 -1.94657 -1090.02
1.43023e+08 0.944972 -1.94361 -1090.17
1.43168e+08 0.943036 -1.94059 -1090.31
1.43311e+08 0.946651 -1.93171 -1090.46
1.43453e+08 0.950745 -1.92393 -1090.6
1.43596e+08 0.954987 -1.91673 -1090.75
1.43738e+08 0.958969 -1.90695 -1090.89
1.43881e+08 0.961979 -1.89395 -1091.04
1.44026e+08 0.960075 -1.88133 -1091.18
1.44169e+08 0.961864 -1.86377 -1091.33
1.44311e+08 0.963273 -1.84493 -1091.47
1.44454e+08 0.964169 -1.82603 -1091.62
1.44596e+08 0.964381 -1.80873 -1091.76
1.44741e+08 0.960299 -1.79481 -1091.91
1.44884e+08 0.960971 -1.7815 -1092.05
1.45026e+08 0.961791 -1.76642 -1092.2
1.45169e+08 0.962112 -1.75091 -1092.34
1.45311e+08 0.962005 -1.7329 -1092.48
1.45456e+08 0.957292 -1.71659 -1092.63
1.45599e+08 0.957135 -1.69904 -1092.77
1.45741e+08 0.956801 -1.68319 -1092.91
1.45884e+08 0.956544 -1.66849 -1093.05
1.46027e+08 0.95606 -1.65836 -1093.19
1.46172e+08 0.951593 -1.65583 -1093.33
1.46314e+08 0.951029 -1.65761 -1093.46
1.46457e+08 0.949943 -1.65927 -1093.6
1.46599e+08 0.948297 -1.66113 -1093.74
1.46742e+08 0.946655 -1.66642 -1093.88
1.46887e+08 0.940672 -1.67731 -1094.02
1.47029e+08 0.939461 -1.68755 -1094.15
1.47172e+08 0.938327 -1.70077 -1094.29
1.47314e+08 0.937273 -1.71185 -1094.43
1.47457e+08 0.936071 -1.7216 -1094.57
1.47602e+08 0.930782 -1.72832 -1094.71
1.47744e+08 0.930181 -1.73045 -1094.84
1.47887e+08 0.929356 -1.73028 -1094.98
1.4803e+08 0.928003 -1.7319 -1095.12
1.48172e+08 0.927071 -1.73436 -1095.26
1.48315e+08 0.927024 -1.73999 -1095.4
1.4846e+08 0.923668 -1.74809 -1095.54
1.48602e+08 0.925288 -1.75509 -1095.68
1.48745e+08 0.92694 -1.76236 -1095.82
1.48887e+08 0.927987 -1.7694 -1095.96
1.4903e+08 0.928763 -1.77502 -1096.11
1.49175e+08 0.924396 -1.78152 -1096.25
1.49318e+08 0.925728 -1.7851 -1096.4
1.4946e+08 0.926597 -1.79145 -1096.54
1.49603e+08 0.927412 -1.79913 -1096.69
1.49745e+08 0.928244 -1.80679 -1096.83
1.49891e+08 0.924346 -1.81623 -1096.98
1.50033e+08 0.925435 -1.82051 -1097.12
1.50176e+08 0.927499 -1.82048 -1097.27
1.50318e+08 0.929715 -1.82159 -1097.41
1.50461e+08 0.932334 -1.82298 -1097.56
1.50606e+08 0.930505 -1.82977 -1097.71
1.50748e+08 0.93354 -1.83242 -1097.85
1.50891e+08 0.935857 -1.83452 -1097.99
1.51034e+08 0.937732 -1.83678 -1098.14
1.51176e+08 0.939461 -1.83968 -1098.28
1.51321e+08 0.936119 -1.84169 -1098.43
1.51464e+08 0.937632 -1.83769 -1098.58
1.51606e+08 0.938858 -1.83168 -1098.72
1.51749e+08 0.940004 -1.82438 -1098.86
1.51891e+08 0.941313 -1.81393 -1098.99
1.52036e+08 0.938381 -1.80494 -1099.13
1.52179e+08 0.940224 -1.79522 -1099.27
1.52322e+08 0.94216 -1.78609 -1099.41
1.52464e+08 0.944047 -1.77701 -1099.55
1.52607e+08 0.945408 -1.76784 -1099.68
1.52749e+08 0.946501 -1.75938 -1099.82
1.52894e+08 0.943409 -1.75328 -1099.96
1.53037e+08 0.945425 -1.74874 -1100.1
1.5318e+08 0.946692 -1.74901 -1100.24
1.53322e+08 0.948265 -1.75172 -1100.38
1.53465e+08 0.949578 -1.75576 -1100.51
1.5361e+08 0.945926 -1.76221 -1100.65
1.53752e+08 0.946943 -1.76961 -1100.79
1.53895e+08 0.948111 -1.77507 -1100.92
1.54037e+08 0.949656 -1.77934 -1101.04
1.5418e+08 0.951118 -1.78214 -1101.17
1.54325e+08 0.947836 -1.7896 -1101.3
1.54468e+08 0.949312 -1.79972 -1101.42
1.5461e+08 0.951507 -1.81156 -1101.55
1.54753e+08 0.953847 -1.82409 -1101.68
1.54895e+08 0.956273 -1.83711 -1101.81
1.55041e+08 0.953019 -1.85163 -1101.94
1.55183e+08 0.955556 -1.85941 -1102.07
1.55326e+08 0.957433 -1.86522 -1102.2
1.55468e+08 0.959163 -1.86984 -1102.33
1.55611e+08 0.961443 -1.87396 -1102.47
1.55756e+08 0.959064 -1.87964 -1102.6
1.55899e+08 0.961421 -1.88263 -1102.73
1.56041e+08 0.963491 -1.88565 -1102.86
1.56184e+08 0.965466 -1.88894 -1102.99
1.56326e+08 0.966663 -1.89206 -1103.12
1.56471e+08 0.963278 -1.89651 -1103.26
1.56614e+08 0.964698 -1.89829 -1103.39
1.56757e+08 0.966431 -1.89947 -1103.52
1.56899e+08 0.968129 -1.90326 -1103.66
1.57042e+08 0.969158 -1.90778 -1103.8
1.57184e+08 0.969812 -1.91024 -1103.95
1.5733e+08 0.965959 -1.91314 -1104.09
1.57472e+08 0.967398 -1.91244 -1104.24
1.57615e+08 0.968646 -1.91141 -1104.38
1.57757e+08 0.969576 -1.91002 -1104.53
1.579e+08 0.970359 -1.91063 -1104.67
1.58045e+08 0.966687 -1.91404 -1104.82
1.58188e+08 0.967677 -1.91853 -1104.96
1.5833e+08 0.969292 -1.92467 -1105.11
1.58473e+08 0.970981 -1.92846 -1105.25
1.58615e+08 0.972053 -1.93065 -1105.4
1.5876e+08 0.967921 -1.93353 -1105.55
1.58903e+08 0.968486 -1.9336 -1105.69
1.59045e+08 0.96888 -1.93276 -1105.84
1.59188e+08 0.968387 -1.92782 -1105.98
1.59331e+08 0.967691 -1.92131 -1106.13
1.59476e+08 0.962625 -1.91678 -1106.27
1.59618e+08 0.962567 -1.91003 -1106.42
1.59761e+08 0.963322 -1.90318 -1106.56
1.59903e+08 0.96401 -1.8969 -1106.71
1.60046e+08 0.964654 -1.89067 -1106.85
1.60191e+08 0.961205 -1.8895 -1107
1.60334e+08 0.962321 -1.88857 -1107.14
1.60476e+08 0.9636 -1.88914 -1107.29
1.60619e+08 0.964296 -1.89013 -1107.43
1.60761e+08 0.965328 -1.88843 -1107.58
1.60904e+08 0.966496 -1.88324 -1107.72
1.6105e+08 0.961922 -1.87913 -1107.87
1.61192e+08 0.964184 -1.8719 -1108.02
1.61335e+08 0.966187 -1.86439 -1108.16
1.61477e+08 0.96909 -1.85712 -1108.3
1.6162e+08 0.972612 -1.85023 -1108.45
1.61765e+08 0.972116 -1.84596 -1108.6
1.61907e+08 0.975719 -1.84024 -1108.74
1.6205e+08 0.978688 -1.83553 -1108.89
1.62192e+08 0.981854 -1.83484 -1109.03
1.62335e+08 0.984811 -1.83611 -1109.17
1.6248e+08 0.982652 -1.8399 -1109.32
1.62622e+08 0.985111 -1.84177 -1109.47
1.62765e+08 0.987386 -1.844 -1109.61
1.62908e+08 0.990126 -1.846 -1109.76
1.6305e+08 0.994072 -1.84873 -1109.9
1.63195e+08 0.993643 -1.85376 -1110.05
1.63338e+08 0.997137 -1.85337 -1110.19
1.6348e+08 0.999397 -1.85055 -1110.34
1.63623e+08 1.00107 -1.84714 -1110.48
1.63765e+08 1.00123 -1.84617 -1110.63
1.6391e+08 0.996639 -1.84745 -1110.77
1.64053e+08 0.996203 -1.84459 -1110.92
1.64195e+08 0.994561 -1.84152 -1111.06
1.64338e+08 0.992449 -1.83513 -1111.21
1.6448e+08 0.989142 -1.83066 -1111.35
1.64625e+08 0.980878 -1.82908 -1111.5
1.64768e+08 0.977325 -1.82622 -1111.64
1.6491e+08 0.974454 -1.82389 -1111.79
1.65053e+08 0.972657 -1.82263 -1111.93
1.65196e+08 0.971381 -1.82169 -1112.07
1.65338e+08 0.970304 -1.82133 -1112.21
1.65483e+08 0.965697 -1.8235 -1112.35
1.65626e+08 0.966282 -1.82464 -1112.49
1.65768e+08 0.966596 -1.82375 -1112.62
1.65911e+08 0.966492 -1.82211 -1112.76
1.66053e+08 0.965072 -1.82036 -1112.9
1.66198e+08 0.958969 -1.82021 -1113.04
1.66341e+08 0.957886 -1.82135 -1113.18
1.66483e+08 0.960339 -1.81186 -1113.31
1.66626e+08 0.963867 -1.79915 -1113.45
1.66768e+08 0.969411 -1.78593 -1113.59
1.66914e+08 0.970083 -1.77906 -1113.73
1.67056e+08 0.980029 -1.77666 -1113.87
1.67199e+08 0.992144 -1.77398 -1114
1.67342e+08 1.00499 -1.77258 -1114.14
1.67484e+08 1.03418 -1.73576 -1114.31
1.67629e+08 1.0565 -1.89672 -1114.37
1.67772e+08 1.07191 -2.14089 -1114.23
1.67914e+08 1.1118 -2.37573 -1114.01
1.68057e+08 1.18575 -2.6556 -1113.68
1.682e+08 1.28735 -2.8746 -1113.15
1.68345e+08 1.3875 -3.07255 -1112.42
1.68487e+08 1.43746 -3.12302 -1111.59
1.6863e+08 1.51969 -3.1609 -1110.77
1.68773e+08 1.66873 -3.23577 -1109.94
1.68915e+08 1.95518 -3.33993 -1109.14
1.69062e+08 2.40402 -3.58042 -1108.31
1.69205e+08 2.87892 -4.0537 -1107.43
1.69349e+08 3.29 -4.65727 -1106.46
1.69491e+08 3.49103 -5.12159 -1105.59
1.69634e+08 3.25769 -5.59542 -1104.68
1.69777e+08 2.88021 -6.26525 -1103.8
1.69923e+08 2.24869 -7.07142 -1102.86
1.70066e+08 1.58873 -7.81219 -1101.95
1.70209e+08 0.926362 -8.48454 -1101.1
1.70352e+08 0.427014 -8.98785 -1100.29
1.70494e+08 0.0025264 -9.39211 -1099.46
1.70639e+08 -0.333152 -9.58343 -1098.74
1.70782e+08 -0.56663 -9.64812 -1098.22
1.70925e+08 -0.742768 -9.6911 -1097.8
1.71067e+08 -0.883981 -9.67569 -1097.5
1.7121e+08 -0.987457 -9.7142 -1097.43
1.71355e+08 -1.06023 -9.78826 -1097.56
1.71498e+08 -1.07018 -9.96312 -1097.81
1.7164e+08 -1.11462 -10.1217 -1098.07
1.71783e+08 -1.28409 -10.2143 -1098.34
1.71925e+08 -1.69615 -10.2376 -1098.61
1.7207e+08 -2.33796 -10.1659 -1098.93
1.72213e+08 -3.15657 -9.82319 -1099.28
1.72356e+08 -4.16199 -9.36362 -1099.72
1.72498e+08 -5.31704 -9.00931 -1099.99
1.72641e+08 -6.51204 -8.59734 -1100.21
1.72786e+08 -8.07306 -7.99774 -1100.37
1.72928e+08 -9.74004 -7.33662 -1100.46
1.73068e+08 -11.7752 -6.72384 -1100.37
1.73209e+08 -14.1955 -6.11623 -1100.09
1.7335e+08 -17.0871 -5.52316 -1099.64
1.73495e+08 -20.2771 -4.85243 -1099.09
1.73636e+08 -23.5534 -3.93627 -1098.59
1.73778e+08 -26.9045 -2.85515 -1098.17
1.73918e+08 -30.3414 -1.73836 -1097.8
1.74059e+08 -33.9202 -0.604347 -1097.48
1.74199e+08 -37.6117 0.537314 -1097.26
1.74342e+08 -41.3906 1.61771 -1097.11
1.74483e+08 -45.1817 2.59635 -1097.02
1.74623e+08 -49.0607 3.50497 -1096.98
1.74764e+08 -52.9531 4.37025 -1096.94
1.74905e+08 -56.873 5.20914 -1096.91
1.75048e+08 -60.8423 6.03369 -1096.92
1.75189e+08 -64.5869 6.74922 -1097
1.75329e+08 -68.0697 7.37145 -1097.19
1.7547e+08 -71.1962 7.88108 -1097.45
1.75611e+08 -73.8588 8.25985 -1097.78
1.75754e+08 -76.0919 8.55572 -1098.21
1.75895e+08 -77.921 8.76193 -1098.74
1.76035e+08 -79.356 8.86663 -1099.38
1.76177e+08 -80.4079 8.86108 -1100.07
1.76318e+08 -81.165 8.78499 -1100.68
1.7646e+08 -81.815 8.59932 -1101.14
1.76603e+08 -82.3951 8.32564 -1101.33
1.76743e+08 -82.9485 7.98745 -1101.33
1.76885e+08 -83.4686 7.62876 -1101.24
1.77026e+08 -83.9428 7.27616 -1101.11
1.77167e+08 -84.3752 6.92096 -1100.93
1.77311e+08 -84.9129 6.60806 -1100.77
1.77451e+08 -85.4456 6.36907 -1100.63
1.77593e+08 -85.9508 6.16807 -1100.51
1.77734e+08 -86.4346 5.96891 -1100.39
1.77876e+08 -86.8344 5.78479 -1100.31
1.78019e+08 -87.1461 5.61383 -1100.23
1.7816e+08 -87.4281 5.45589 -1100.17
1.78301e+08 -87.73 5.31775 -1100.12
1.78441e+08 -88.083 5.18776 -1100.05
1.78583e+08 -88.4867 5.05946 -1099.93
1.78728e+08 -88.8972 4.93261 -1099.78
1.78868e+08 -89.2482 4.80753 -1099.61
1.79008e+08 -89.5615 4.67584 -1099.44
1.7915e+08 -89.8492 4.54641 -1099.26
1.79291e+08 -90.1065 4.40552 -1099.08
1.79435e+08 -90.2968 4.27457 -1098.89
1.79577e+08 -90.4149 4.16055 -1098.7
1.79717e+08 -90.4975 4.05655 -1098.52
1.79858e+08 -90.5596 3.96736 -1098.34
1.79999e+08 -90.5639 3.8965 -1098.16
1.80141e+08 -90.5377 3.86266 -1097.99
1.80285e+08 -90.4838 3.82955 -1097.8
1.80425e+08 -90.3795 3.78142 -1097.63
1.80567e+08 -90.2602 3.72077 -1097.45
1.80708e+08 -90.1328 3.64684 -1097.27
1.8085e+08 -89.9953 3.56075 -1097.08
1.80994e+08 -89.8656 3.48004 -1096.89
1.81135e+08 -89.7224 3.40917 -1096.69
1.81277e+08 -89.5613 3.33791 -1096.48
1.81419e+08 -89.3603 3.28513 -1096.26
1.8156e+08 -89.1223 3.26014 -1096.06
1.81703e+08 -88.8868 3.24145 -1095.86
1.81843e+08 -88.6791 3.22966 -1095.67
1.81985e+08 -88.4927 3.21569 -1095.48
1.82126e+08 -88.3297 3.20763 -1095.3
1.82268e+08 -88.1507 3.18793 -1095.12
1.82412e+08 -87.9813 3.15575 -1094.96
1.82553e+08 -87.7962 3.12557 -1094.83
1.82695e+08 -87.5984 3.11986 -1094.73
1.82836e+08 -87.3889 3.11592 -1094.64
1.82978e+08 -87.1966 3.13194 -1094.6
1.83119e+08 -86.9244 3.21058 -1094.67
1.83262e+08 -86.3901 3.54904 -1094.99
1.83403e+08 -85.468 4.30763 -1095.69
1.83543e+08 -84.1723 5.54545 -1096.85
1.83685e+08 -82.5578 7.27267 -1098.48
1.83828e+08 -80.7301 9.51431 -1100.55
1.83973e+08 -78.7749 12.2723 -1102.99
1.84115e+08 -76.8439 15.5327 -1105.63
1.84257e+08 -74.9462 19.2085 -1108.31
1.84398e+08 -73.1192 23.156 -1110.97
1.84539e+08 -71.5844 27.254 -1113.59
1.84682e+08 -70.2592 31.5699 -1116.35
1.84823e+08 -69.1178 35.9676 -1119.17
1.84963e+08 -68.1828 40.5534 -1122.15
1.85104e+08 -67.5151 45.2912 -1125.35
1.85244e+08 -67.2172 50.2053 -1128.8
1.85387e+08 -67.2555 55.2982 -1132.56
1.85528e+08 -67.7476 60.3121 -1136.65
1.85668e+08 -68.763 65.3186 -1141.35
1.85809e+08 -70.5467 70.277 -1147.06
1.85949e+08 -73.5335 75.1003 -1154.45
1.8609e+08 -78.608 79.6418 -1164.73
1.86233e+08 -88.2513 83.7061 -1180.85
1.86373e+08 -107.361 86.808 -1208.98
1.86514e+08 -150.157 88.5571 -1268.94
1.86654e+08 -232.539 87.8497 -1388.87
1.86795e+08 -193.094 85.5019 -1384.05
1.86938e+08 -175.48 84.052 -1399.63
1.87078e+08 -155.524 83.354 -1410.88
1.87219e+08 -134.923 83.1059 -1419.36
1.87359e+08 -114.85 83.1116 -1426.36
1.875e+08 -95.4857 83.3147 -1432.16
1.87643e+08 -76.3154 83.6234 -1436.22
1.87783e+08 -56.9232 83.9273 -1438.04
1.87924e+08 -37.5589 84.1505 -1437.81
1.88064e+08 -18.5594 84.2609 -1436
1.88205e+08 -0.988087 84.227 -1433.82
1.88345e+08 14.4718 84.1386 -1432.15
1.88488e+08 28.2285 84.0343 -1430.74
1.88629e+08 40.2015 83.9276 -1429.91
1.88769e+08 50.4618 83.8406 -1429.77
1.8891e+08 59.2678 83.7815 -1430.19
1.8905e+08 67.5139 83.7128 -1430.35
1.89193e+08 75.2175 83.637 -1430.3
1.89333e+08 82.3798 83.5851 -1430.13
1.89474e+08 89.0523 83.5601 -1429.75
1.89614e+08 95.2822 83.5048 -1429.12
1.89755e+08 100.933 83.4307 -1428.46
1.89905e+08 106.001 83.3238 -1427.88
1.90046e+08 110.567 83.2063 -1427.43
1.90186e+08 114.628 83.0766 -1427.13
1.90327e+08 118.124 82.9335 -1427.08
1.90467e+08 121.003 82.843 -1427.36
1.9061e+08 123.213 82.7629 -1428.14
1.90751e+08 125.025 82.7042 -1429.13
1.90891e+08 126.648 82.6517 -1430.1
1.91032e+08 128.113 82.6023 -1431.02
1.91172e+08 129.546 82.5811 -1431.74
1.91313e+08 130.997 82.5931 -1432.26
1.91455e+08 132.341 82.6283 -1432.67
1.91596e+08 133.658 82.6917 -1432.94
1.91736e+08 134.753 82.7555 -1433.29
1.91877e+08 135.698 82.8252 -1433.63
1.92017e+08 136.558 82.9695 -1433.87
1.9216e+08 137.183 83.159 -1434.15
1.92301e+08 137.67 83.3712 -1434.44
1.92441e+08 138.051 83.571 -1434.83
1.92582e+08 138.54 83.7919 -1435.09
1.92722e+08 139.16 84.023 -1435.19
1.92865e+08 139.814 84.2796 -1435.07
1.93005e+08 140.404 84.5416 -1434.84
1.93146e+08 141.171 84.8329 -1434.31
1.93286e+08 142.294 85.1529 -1433.39
1.93427e+08 142.601 85.5009 -1433.36
1.9357e+08 140.269 86.0208 -1435.95
1.9371e+08 131.435 86.8124 -1445.3
1.93852e+08 106.878 87.8818 -1471.12
1.93994e+08 39.6059 88.4194 -1542.9
1.94137e+08 -24.6906 85.6432 -1614.03
1.94279e+08 3.22127 82.3982 -1587.73
1.94422e+08 5.91064 78.4115 -1585.5
1.94565e+08 6.59972 74.4993 -1584.74
1.94708e+08 6.79894 70.5491 -1584.32
1.94849e+08 6.8824 66.5358 -1583.84
1.94992e+08 6.84398 62.4483 -1583.39
1.95137e+08 6.8154 58.2331 -1582.9
1.95279e+08 6.84503 54.0106 -1582.42
1.95422e+08 6.94189 49.7244 -1581.95
1.95565e+08 7.0649 45.3678 -1581.47
1.95707e+08 7.23199 40.9163 -1580.95
1.95852e+08 7.34796 36.3069 -1580.43
1.95995e+08 7.45828 31.7198 -1579.96
1.96137e+08 7.53418 27.1065 -1579.51
1.9628e+08 7.48145 22.4781 -1579.09
1.96422e+08 7.35101 17.9583 -1578.72
1.96568e+08 7.23027 13.704 -1578.35
1.9671e+08 6.99052 10.0934 -1578.01
1.96853e+08 6.77135 7.24488 -1577.64
1.96995e+08 6.70038 5.21747 -1577.23
1.97138e+08 6.72745 3.84059 -1576.85
1.97283e+08 6.90656 2.97657 -1576.54
1.97426e+08 7.07631 2.38248 -1576.3
1.97568e+08 7.19778 1.86291 -1576.11
1.97711e+08 7.19684 1.39201 -1575.94
1.97854e+08 7.19045 0.975615 -1575.84
1.97996e+08 7.21891 0.592577 -1575.77
1.98141e+08 7.21811 0.213532 -1575.76
1.98284e+08 7.12307 -0.182522 -1575.78
1.98426e+08 6.92789 -0.602819 -1575.85
1.98569e+08 6.72115 -1.04784 -1575.98
1.98712e+08 6.45006 -1.47829 -1576.15
1.98857e+08 6.07273 -1.94613 -1576.33
1.98999e+08 5.51163 -2.51443 -1576.57
1.99142e+08 5.06712 -3.1117 -1576.83
1.99285e+08 4.6752 -3.65014 -1576.96
1.99427e+08 4.44286 -4.04078 -1576.98
1.99572e+08 4.29565 -4.32762 -1576.93
1.99715e+08 4.23893 -4.53801 -1576.85
1.99858e+08 4.23718 -4.6952 -1576.76
2e+08 4.25845 -4.83536 -1576.67
2.00143e+08 4.28216 -4.96589 -1576.59
2.00288e+08 4.31491 -5.08646 -1576.53
2.0043e+08 4.3433 -5.16688 -1576.46
2.00573e+08 4.36579 -5.23448 -1576.39
2.00715e+08 4.37733 -5.29717 -1576.31
2.00858e+08 4.39027 -5.35117 -1576.23
2.01003e+08 4.39304 -5.3919 -1576.14
2.01146e+08 4.37923 -5.41302 -1576.03
2.01288e+08 4.372 -5.41402 -1575.92
2.01431e+08 4.37483 -5.39355 -1575.82
2.01573e+08 4.39345 -5.34245 -1575.71
2.01718e+08 4.42772 -5.28115 -1575.62
2.01861e+08 4.55981 -5.13119 -1575.54
2.02003e+08 4.83648 -4.84351 -1575.41
2.02146e+08 5.01118 -4.49762 -1575.24
2.02289e+08 5.17473 -4.16915 -1575.15
2.02431e+08 5.21008 -3.9291 -1575.17
2.02576e+08 5.16632 -3.77427 -1575.25
2.02719e+08 5.04721 -3.67526 -1575.37
2.02862e+08 4.89692 -3.62979 -1575.5
2.03004e+08 4.74878 -3.6149 -1575.66
2.03147e+08 4.62466 -3.60377 -1575.81
2.03292e+08 4.49212 -3.60419 -1575.96
2.03434e+08 4.37499 -3.60327 -1576.1
2.03577e+08 4.27262 -3.59543 -1576.22
2.03719e+08 4.17365 -3.57795 -1576.34
2.03862e+08 4.07648 -3.5543 -1576.46
2.04007e+08 3.95554 -3.55076 -1576.57
2.0415e+08 3.81865 -3.55772 -1576.67
2.04292e+08 3.67793 -3.57106 -1576.77
2.04435e+08 3.51927 -3.60246 -1576.87
2.04577e+08 3.33603 -3.67648 -1576.96
2.04722e+08 3.1494 -3.81054 -1577.04
2.04865e+08 2.99224 -4.0257 -1577.11
2.05008e+08 2.83771 -4.50693 -1577.19
2.0515e+08 2.75185 -5.22966 -1577.29
2.05294e+08 2.75447 -6.42836 -1577.47
2.0544e+08 2.80633 -8.17401 -1577.74
2.05584e+08 2.8745 -10.3312 -1578.04
2.05727e+08 2.87603 -12.7063 -1578.35
2.05871e+08 2.81522 -15.3456 -1578.62
2.06015e+08 2.74635 -18.1969 -1578.86
2.0616e+08 2.71045 -21.2272 -1579.1
2.06302e+08 2.7199 -24.2898 -1579.29
2.06445e+08 2.75643 -27.4335 -1579.47
2.06588e+08 2.82684 -30.6314 -1579.65
2.0673e+08 2.95941 -33.8667 -1579.86
2.06873e+08 3.17123 -37.1388 -1580.13
2.07018e+08 3.45827 -40.4984 -1580.45
2.0716e+08 3.85048 -43.839 -1580.8
2.07303e+08 4.32243 -47.2184 -1581.21
2.07446e+08 4.81644 -50.6271 -1581.64
2.07588e+08 5.37717 -54.0239 -1582.11
2.07733e+08 6.06608 -57.4157 -1582.69
2.07876e+08 6.89629 -60.6564 -1583.38
2.08018e+08 7.88052 -63.625 -1584.17
2.08161e+08 8.95069 -66.3339 -1585.09
2.08304e+08 9.96816 -68.5695 -1585.93
2.08449e+08 10.8509 -70.343 -1586.6
2.08592e+08 11.7038 -71.6227 -1587.14
2.08734e+08 12.589 -72.6552 -1587.59
2.08877e+08 13.5927 -73.3775 -1588.09
2.09019e+08 14.6394 -73.8357 -1588.61
2.09164e+08 15.6075 -74.1301 -1589.1
2.09307e+08 16.5616 -74.3205 -1589.65
2.0945e+08 17.4853 -74.4417 -1590.24
2.09592e+08 18.2924 -74.5411 -1590.8
2.09735e+08 18.9126 -74.6298 -1591.28
2.0988e+08 19.4055 -74.7253 -1591.69
2.10022e+08 19.7886 -74.8162 -1592.03
2.10165e+08 20.1448 -74.8978 -1592.38
2.10307e+08 20.5083 -74.964 -1592.75
2.1045e+08 21.0261 -75.0076 -1593.26
2.10595e+08 21.612 -75.0357 -1593.84
2.10737e+08 22.1531 -75.0649 -1594.37
2.1088e+08 22.7123 -75.0785 -1594.93
2.11022e+08 23.2084 -75.1389 -1595.48
2.11165e+08 23.6868 -75.2137 -1596.04
2.11307e+08 24.0956 -75.2978 -1596.58
2.11452e+08 24.4015 -75.3939 -1597.08
2.11595e+08 24.6432 -75.5038 -1597.55
2.11738e+08 24.8632 -75.6153 -1598.03
2.1188e+08 25.0942 -75.7128 -1598.55
2.12023e+08 25.1135 -75.7983 -1598.93
2.12168e+08 25.0376 -75.8667 -1599.26
2.1231e+08 25.0041 -75.927 -1599.63
2.12453e+08 24.9769 -75.9574 -1600
2.12595e+08 24.9932 -75.9628 -1600.39
2.12738e+08 25.0918 -75.9823 -1600.85
2.12883e+08 25.1765 -76.0154 -1601.27
2.13025e+08 25.1288 -76.0668 -1601.55
2.13168e+08 24.9296 -76.1317 -1601.68
2.13311e+08 24.3832 -76.1916 -1601.5
2.13453e+08 23.1207 -76.2595 -1600.68
2.13598e+08 20.3958 -76.4232 -1598.27
2.13741e+08 15.403 -76.8123 -1593.48
2.13883e+08 7.55526 -77.2669 -1585.6
2.14025e+08 -4.27249 -76.9599 -1573.46
2.14165e+08 -17.804 -76.0197 -1559.15
2.1431e+08 -31.5482 -74.3607 -1544.43
2.1445e+08 -42.5941 -71.9698 -1532.35
2.14591e+08 -50.7661 -68.8494 -1523.2
2.14731e+08 -56.4711 -65.2642 -1516.67
2.14873e+08 -60.4879 -61.377 -1512.08
2.15014e+08 -63.4666 -57.3481 -1508.77
2.15159e+08 -65.8738 -53.171 -1506.18
2.153e+08 -67.8042 -48.9587 -1504.28
2.15442e+08 -69.5172 -44.6999 -1502.72
2.15583e+08 -71.0759 -40.4011 -1501.44
2.15725e+08 -72.5129 -36.1208 -1500.36
2.15869e+08 -73.8459 -31.7749 -1499.44
2.1601e+08 -75.0296 -27.5057 -1498.73
2.16152e+08 -76.1354 -23.243 -1498.15
2.16293e+08 -77.1926 -19.0802 -1497.64
2.16435e+08 -78.1233 -15.1108 -1497.2
2.16579e+08 -79.0342 -11.5238 -1496.87
2.1672e+08 -79.8321 -8.59465 -1496.76
2.16862e+08 -80.6237 -6.30052 -1496.81
2.17004e+08 -81.4285 -4.83806 -1496.43
2.17144e+08 -82.1874 -4.01586 -1496.08
2.17288e+08 -82.7553 -3.60353 -1495.96
2.1743e+08 -83.2157 -3.43975 -1495.94
2.17571e+08 -83.6774 -3.49747 -1495.85
2.17713e+08 -84.1544 -3.67449 -1495.7
2.17854e+08 -84.5784 -3.86055 -1495.45
2.17998e+08 -84.9741 -4.04724 -1495.13
2.1814e+08 -85.3674 -4.18533 -1494.83
2.18281e+08 -85.71 -4.30045 -1494.46
2.18423e+08 -86.0003 -4.38639 -1494.13
2.18564e+08 -86.2225 -4.45989 -1493.8
2.18706e+08 -86.4065 -4.4846 -1493.55
2.1885e+08 -86.6064 -4.4824 -1493.33
2.18991e+08 -86.7845 -4.51167 -1493.08
2.19133e+08 -86.9249 -4.59051 -1492.82
2.19274e+08 -87.0393 -4.65571 -1492.55
2.19416e+08 -87.187 -4.69559 -1492.29
2.1956e+08 -87.3581 -4.7024 -1492.04
2.19702e+08 -87.5372 -4.69253 -1491.79
2.19843e+08 -87.7764 -4.70917 -1491.61
2.19985e+08 -88.0158 -4.75308 -1491.49
2.20126e+08 -88.2349 -4.80927 -1491.42
2.20271e+08 -88.4563 -4.87453 -1491.42
2.20411e+08 -88.6125 -4.94044 -1491.57
2.20553e+08 -88.7592 -4.97002 -1491.74
2.20693e+08 -88.8588 -4.97314 -1491.89
2.20835e+08 -88.9351 -4.93829 -1492.02
2.20978e+08 -89.0133 -4.88588 -1492.17
2.21118e+08 -89.1027 -4.81008 -1492.33
2.21259e+08 -89.2831 -4.68634 -1492.63
2.21399e+08 -89.7754 -4.42617 -1492.99
2.2154e+08 -90.7628 -4.0894 -1493.42
2.21681e+08 -92.4351 -3.63974 -1493.92
2.21825e+08 -94.6225 -3.31772 -1494.54
2.21966e+08 -97.2254 -3.08362 -1495.07
2.22107e+08 -100.258 -2.70165 -1495.47
2.22249e+08 -103.582 -1.99529 -1495.92
2.2239e+08 -107.058 -1.1467 -1496.42
2.22535e+08 -110.733 -0.256658 -1497.03
2.22676e+08 -114.512 0.56199 -1497.71
2.22818e+08 -118.366 1.30885 -1498.39
2.22959e+08 -122.33 1.94541 -1499.07
2.23101e+08 -126.437 2.47818 -1499.76
2.23245e+08 -130.751 2.94172 -1500.46
2.23387e+08 -135.117 3.37575 -1501.1
2.23528e+08 -139.546 3.71694 -1501.73
2.2367e+08 -144.035 3.96866 -1502.37
2.23811e+08 -148.557 4.16288 -1502.97
2.23955e+08 -153.125 4.32581 -1503.55
2.24097e+08 -157.543 4.46346 -1504.08
2.24238e+08 -161.783 4.65618 -1504.51
2.2438e+08 -165.656 4.82473 -1504.8
2.24521e+08 -169.017 5.00509 -1505.01
2.24663e+08 -171.663 5.21453 -1505.13
2.24807e+08 -173.774 5.49165 -1505.37
2.24949e+08 -175.329 5.69028 -1505.71
2.2509e+08 -176.462 5.68123 -1505.99
2.25232e+08 -177.232 5.58892 -1505.94
2.25373e+08 -177.801 5.46921 -1505.71
2.25517e+08 -178.222 5.35719 -1505.36
2.25659e+08 -178.466 5.25282 -1504.97
2.258e+08 -178.649 5.15378 -1504.6
2.25942e+08 -178.794 5.07473 -1504.29
2.26083e+08 -178.89 5.01369 -1504.07
2.26228e+08 -178.926 4.96084 -1503.93
2.2637e+08 -178.946 4.92763 -1503.88
2.26511e+08 -178.939 4.90808 -1503.89
2.26653e+08 -178.91 4.88528 -1503.94
2.26794e+08 -178.841 4.84489 -1504.03
2.26938e+08 -178.723 4.81923 -1504.13
2.27078e+08 -178.59 4.7927 -1504.25
2.27219e+08 -178.447 4.75756 -1504.36
2.27361e+08 -178.276 4.72614 -1504.49
2.27502e+08 -178.097 4.69484 -1504.61
2.27644e+08 -177.891 4.63565 -1504.71
2.27788e+08 -177.703 4.59583 -1504.83
2.27929e+08 -177.5 4.54621 -1504.94
2.28071e+08 -177.288 4.52144 -1505.03
2.28211e+08 -177.059 4.50076 -1505.08
2.28353e+08 -176.788 4.4955 -1505.1
2.28497e+08 -176.515 4.53212 -1505.13
2.28638e+08 -176.277 4.61659 -1505.16
2.2878e+08 -176.016 4.70806 -1505.21
2.28921e+08 -175.743 4.76336 -1505.26
2.29063e+08 -175.426 4.83865 -1505.32
2.29206e+08 -175.114 4.97716 -1505.39
2.29346e+08 -174.657 5.14319 -1505.45
2.29487e+08 -173.983 5.3435 -1505.45
2.29627e+08 -172.923 5.50209 -1505.51
2.29769e+08 -171.003 5.62565 -1505.61
2.29913e+08 -168.054 5.52647 -1505.55
2.30054e+08 -164.255 5.04799 -1505.15
2.30197e+08 -159.67 4.03727 -1504.43
2.30339e+08 -154.533 2.53889 -1503.56
2.30483e+08 -149.062 0.359669 -1502.75
2.30629e+08 -143.184 -2.20667 -1502.14
2.30772e+08 -137.365 -4.73679 -1501.66
2.30914e+08 -131.673 -7.28103 -1501.53
2.31057e+08 -125.65 -9.88643 -1501.92
2.31199e+08 -119.126 -12.3921 -1502.85
2.31342e+08 -111.814 -14.7679 -1504.18
2.31487e+08 -103.369 -17.0278 -1506.07
2.31629e+08 -93.8848 -18.9486 -1508.49
2.31772e+08 -83.3842 -20.4992 -1511.44
2.31915e+08 -72.2658 -21.553 -1514.89
2.32057e+08 -60.9921 -21.9832 -1518.87
2.32203e+08 -49.6797 -21.7361 -1523.39
2.32345e+08 -39.1838 -20.8008 -1528.03
2.32488e+08 -29.5186 -19.1809 -1532.75
2.3263e+08 -20.9207 -17.0702 -1537.41
2.32773e+08 -13.8117 -14.6306 -1541.88
2.32917e+08 -8.23715 -12.0194 -1545.94
2.3306e+08 -4.1163 -9.5297 -1549.25
2.33201e+08 -1.16819 -7.3808 -1551.84
2.33343e+08 0.889192 -5.58062 -1553.92
2.33485e+08 2.36286 -4.4211 -1555.51
2.33629e+08 3.16509 -3.69716 -1556.8
2.33771e+08 3.62245 -3.12812 -1557.75
2.33912e+08 4.03499 -2.65862 -1558.6
2.34055e+08 4.13336 -2.33384 -1559.47
2.34197e+08 4.14598 -2.18428 -1560.34
2.34341e+08 3.96871 -2.08212 -1561.1
2.34483e+08 3.70215 -2.07254 -1561.78
2.34625e+08 3.53717 -1.9838 -1562.35
2.34767e+08 3.36811 -1.84059 -1562.7
2.34909e+08 3.24302 -1.64058 -1562.91
2.35051e+08 3.11632 -1.43104 -1562.98
2.35196e+08 3.0097 -1.23262 -1562.97
2.35339e+08 2.87144 -1.00693 -1562.87
2.35481e+08 2.80289 -0.844253 -1562.73
2.35624e+08 2.81944 -0.720423 -1562.59
2.35767e+08 2.86409 -0.591075 -1562.42
2.35912e+08 2.95791 -0.434988 -1562.23
2.36054e+08 3.14519 -0.252271 -1562.03
2.36197e+08 3.36709 -0.084545 -1561.9
2.36339e+08 3.57594 0.0797645 -1561.83
2.36482e+08 3.84331 0.258535 -1561.79
2.36626e+08 4.19682 0.477791 -1561.77
2.36768e+08 4.53374 0.650929 -1561.81
2.3691e+08 4.81449 0.786989 -1561.84
2.37053e+08 5.06424 0.910092 -1561.88
2.37194e+08 5.28458 1.01549 -1561.9
2.37346e+08 5.42894 1.07419 -1562.01
2.37488e+08 5.63197 1.18983 -1562.17
2.3763e+08 5.69774 1.17597 -1562.44
2.37771e+08 5.65809 1.10618 -1562.74
2.37914e+08 5.61695 0.982097 -1563.07
2.38059e+08 5.62795 0.832131 -1563.52
2.38201e+08 5.60153 0.678298 -1564.05
2.38342e+08 5.59999 0.537949 -1564.61
2.38484e+08 5.562 0.417618 -1565.17
2.38625e+08 5.46068 0.266605 -1565.73
2.3877e+08 5.35837 0.0989099 -1566.29
2.38912e+08 5.23071 -0.0651719 -1566.83
2.39053e+08 5.0811 -0.209361 -1567.34
2.39195e+08 4.93833 -0.322495 -1567.76
2.39336e+08 4.83761 -0.427356 -1568.09
2.39478e+08 4.71139 -0.546713 -1568.36
2.39622e+08 4.51763 -0.71423 -1568.57
2.39765e+08 4.33078 -0.858722 -1568.67
2.39907e+08 4.24989 -0.943712 -1568.73
2.4005e+08 4.19291 -0.994562 -1568.75
2.40192e+08 4.17767 -1.01124 -1568.81
2.40337e+08 4.23954 -0.956933 -1568.88
2.4048e+08 4.28051 -0.910811 -1569
2.40621e+08 4.28525 -0.831093 -1569.11
2.40763e+08 4.31769 -0.732647 -1569.24
2.40905e+08 4.27674 -0.585744 -1569.36
2.41048e+08 4.18522 -0.410594 -1569.41
2.4119e+08 4.11357 -0.21552 -1569.39
2.41332e+08 4.1009 -0.0178138 -1569.32
2.41474e+08 4.09409 0.175486 -1569.22
2.41617e+08 4.10973 0.389977 -1569.12
2.41761e+08 4.16194 0.608032 -1569.04
2.41902e+08 4.24285 0.805703 -1568.97
2.42044e+08 4.26489 0.952569 -1568.95
2.42185e+08 4.244 1.06334 -1568.97
2.42327e+08 4.17703 1.14791 -1569.03
2.42468e+08 4.04486 1.2209 -1569.14
2.42612e+08 3.87646 1.27487 -1569.32
2.42754e+08 3.73972 1.34493 -1569.57
2.42895e+08 3.57638 1.38578 -1569.89
2.43037e+08 3.44886 1.38916 -1570.26
2.43179e+08 3.34067 1.37351 -1570.63
2.43324e+08 3.38126 1.35472 -1570.97
2.43466e+08 3.46872 1.30772 -1571.2
2.43607e+08 3.61931 1.24907 -1571.42
2.43749e+08 3.78762 1.22411 -1571.64
2.4389e+08 3.93993 1.243 -1571.77
2.44035e+08 4.11256 1.32213 -1571.73
2.44177e+08 4.36362 1.44638 -1571.47
2.4432e+08 4.59743 1.58403 -1570.85
2.44463e+08 4.79316 1.58021 -1569.7
2.44606e+08 4.93276 1.58399 -1567.88
2.44752e+08 5.02001 1.46423 -1565.26
2.44896e+08 5.09329 1.31702 -1562.1
2.4504e+08 5.2113 1.1534 -1558.46
2.45183e+08 5.3463 0.968765 -1554.41
2.45327e+08 5.52269 0.780919 -1549.94
2.45473e+08 5.63443 0.599926 -1545.15
2.45616e+08 5.77118 0.394769 -1540.12
2.45759e+08 5.8622 0.0731072 -1534.75
2.45901e+08 5.92155 -0.258489 -1529.07
2.46043e+08 5.85929 -0.588279 -1523.09
2.46187e+08 5.72556 -0.856888 -1516.76
2.46328e+08 5.43321 -1.15055 -1510.21
2.4647e+08 5.03026 -1.41664 -1503.29
2.46611e+08 4.57887 -1.74738 -1495.99
2.46754e+08 4.06135 -2.04258 -1488.2
2.46897e+08 3.52475 -2.31037 -1480.04
2.47041e+08 2.92543 -2.6201 -1471.54
2.47182e+08 2.22161 -2.98901 -1463.07
2.47323e+08 1.43252 -3.27766 -1454.73
2.47463e+08 0.737804 -3.28859 -1446.51
2.47604e+08 0.0630436 -3.35157 -1438.45
2.47748e+08 -0.642335 -3.38642 -1430.49
2.47889e+08 -1.2971 -3.5049 -1422.63
2.48031e+08 -1.98178 -3.62507 -1414.74
2.48171e+08 -2.67704 -3.74339 -1406.99
2.48312e+08 -3.26468 -3.74456 -1399.34
2.48455e+08 -3.7691 -3.75986 -1391.37
2.48597e+08 -4.2364 -3.66914 -1383.38
2.48738e+08 -4.66344 -3.5311 -1375.52
2.48881e+08 -5.02309 -3.3494 -1367.7
2.49023e+08 -5.18796 -3.2074 -1360.03
2.49168e+08 -5.30953 -3.10349 -1352.29
2.49311e+08 -5.27323 -2.6198 -1344.66
2.49454e+08 -5.18361 -2.05159 -1337.1
2.49596e+08 -5.09766 -1.14585 -1329.4
2.49739e+08 -4.90718 -0.272873 -1321.66
2.49881e+08 -4.61086 0.732692 -1313.93
2.50027e+08 -4.15938 1.60043 -1306.22
2.5017e+08 -3.81489 2.35839 -1298.86
2.50312e+08 -3.79736 2.85607 -1291.63
2.50454e+08 -3.7453 3.17522 -1284.61
2.50595e+08 -3.40336 3.49632 -1277.88
2.50739e+08 -2.85283 3.77956 -1271.4
2.50882e+08 -2.2562 4.096 -1265.54
2.51024e+08 -1.62788 4.38402 -1260.18
2.51167e+08 -0.958492 4.68092 -1255.16
2.5131e+08 -0.460169 4.8499 -1250.48
2.51455e+08 0.00142425 5.04198 -1246.13
2.51596e+08 0.391186 5.19072 -1242.33
2.51739e+08 0.746559 5.41383 -1238.74
2.5188e+08 1.02458 5.60595 -1235.39
2.52023e+08 1.18963 5.83287 -1232.19
2.52167e+08 1.37224 6.02749 -1229.12
2.52309e+08 1.4082 5.86424 -1226.47
2.52451e+08 1.4173 5.58328 -1224.11
2.52593e+08 1.44216 5.07675 -1222.32
2.52734e+08 1.47105 4.5839 -1220.99
2.52878e+08 1.44721 3.90951 -1220.12
2.5302e+08 1.35772 3.38219 -1219.5
2.53161e+08 1.44404 2.94984 -1219.02
2.53304e+08 1.97591 2.69536 -1218.68
2.53446e+08 2.44142 2.52997 -1218.59
2.53591e+08 2.65615 2.39954 -1218.69
2.53732e+08 2.73596 2.35811 -1218.87
2.53874e+08 2.75972 2.3664 -1219.09
2.54015e+08 2.74995 2.41038 -1219.31
2.54157e+08 2.70261 2.47416 -1219.51
2.54298e+08 2.67563 2.54621 -1219.69
2.54442e+08 2.65268 2.62161 -1219.85
2.54584e+08 2.66136 2.68163 -1220.04
2.54725e+08 2.68773 2.72641 -1220.22
2.54867e+08 2.73388 2.77828 -1220.4
2.55008e+08 2.80511 2.84971 -1220.6
2.55152e+08 2.84214 2.91056 -1220.83
2.55294e+08 2.92835 3.05486 -1221.02
2.55435e+08 3.06895 3.2494 -1221.13
2.55577e+08 3.01725 3.37895 -1221.2
2.55718e+08 2.49056 3.39817 -1221.38
2.55863e+08 1.30166 3.27522 -1221.62
2.56005e+08 -0.456821 3.00382 -1221.9
2.56146e+08 -3.09706 2.61382 -1222.11
2.56287e+08 -6.5101 2.17822 -1222.27
2.56428e+08 -10.6114 1.76509 -1222.4
2.56572e+08 -15.5815 1.34707 -1222.62
2.56713e+08 -21.0629 0.933957 -1222.84
2.56852e+08 -27.2905 0.442604 -1222.93
2.56993e+08 -34.0302 -0.0988144 -1222.94
2.57133e+08 -41.2608 -0.746144 -1222.97
2.57274e+08 -48.9372 -1.41571 -1223.05
2.57417e+08 -57.1544 -2.13875 -1223.14
2.57557e+08 -65.4651 -2.87018 -1223.21
2.57699e+08 -74.3398 -3.65909 -1223.21
2.57841e+08 -84.0606 -4.52794 -1223.1
2.57984e+08 -94.861 -5.88789 -1222.6
2.58129e+08 -107.719 -7.23118 -1221.74
2.58272e+08 -122.468 -8.58544 -1220.44
2.58414e+08 -138.787 -9.55306 -1218.62
2.58556e+08 -155.391 -9.89238 -1216.36
2.58697e+08 -135.499 -9.38623 -1213.93
2.5884e+08 -118.464 -9.42763 -1211.55
2.5898e+08 -103.498 -9.72914 -1209.61
2.5912e+08 -90.5258 -10.264 -1208.08
2.59262e+08 -79.451 -10.8514 -1207.02
2.59403e+08 -70.1155 -11.4427 -1206.39
2.59547e+08 -62.2207 -11.8925 -1206.11
2.59689e+08 -55.3656 -12.2221 -1206.09
2.5983e+08 -49.0693 -12.4215 -1206.42
2.59973e+08 -43.6656 -12.5837 -1207.2
2.60116e+08 -38.9195 -12.5266 -1208.14
2.60258e+08 -35.0272 -12.3872 -1209.07
2.60403e+08 -31.9126 -12.2301 -1209.96
2.60546e+08 -29.2102 -12.0315 -1210.78
2.60688e+08 -27.1034 -11.8506 -1211.62
2.60831e+08 -25.3143 -11.7526 -1212.43
2.60973e+08 -24.0189 -11.4563 -1213.3
2.61117e+08 -23.1344 -11.2332 -1214.25
2.6126e+08 -22.4313 -10.951 -1215.01
2.61402e+08 -21.6601 -10.6151 -1215.57
2.61544e+08 -20.9518 -10.2506 -1215.92
2.61687e+08 -20.2461 -9.91444 -1216.16
2.61832e+08 -19.5175 -9.48441 -1216.34
2.61975e+08 -18.6203 -9.03635 -1216.5
2.62117e+08 -17.5994 -8.53694 -1216.61
2.6226e+08 -16.3387 -7.9999 -1216.79
2.62402e+08 -14.8775 -7.44388 -1217.02
2.62547e+08 -13.4062 -6.92605 -1217.27
2.6269e+08 -11.8407 -6.35207 -1217.54
2.62832e+08 -10.5983 -5.77822 -1217.82
2.62975e+08 -9.49954 -5.26947 -1218
2.63116e+08 -8.61886 -4.79936 -1218.13
2.63262e+08 -7.79491 -4.35227 -1218.24
2.63404e+08 -7.0487 -3.93269 -1218.36
2.63547e+08 -6.46222 -3.55191 -1218.46
2.63689e+08 -5.82545 -3.26442 -1218.49
2.63832e+08 -5.17913 -2.99853 -1218.48
2.63977e+08 -4.46702 -2.74592 -1218.48
2.64119e+08 -3.7872 -2.49546 -1218.51
2.64262e+08 -3.17401 -2.26693 -1218.57
2.64404e+08 -2.64198 -2.07227 -1218.66
2.64546e+08 -2.17488 -1.9132 -1218.77
2.64688e+08 -1.75376 -1.79198 -1218.89
2.64832e+08 -1.36469 -1.69655 -1219.01
2.64974e+08 -0.990576 -1.61166 -1219.14
2.65117e+08 -0.654763 -1.5478 -1219.26
2.65258e+08 -0.368621 -1.50047 -1219.39
2.65401e+08 -0.123337 -1.47154 -1219.51
2.65545e+08 0.0855878 -1.43078 -1219.62
2.65687e+08 0.277642 -1.37902 -1219.74
2.65828e+08 0.445278 -1.32434 -1219.86
2.65971e+08 0.558734 -1.27268 -1219.99
2.66112e+08 0.627469 -1.2316 -1220.14
2.66257e+08 0.680684 -1.20304 -1220.32
2.66399e+08 0.751059 -1.19696 -1220.52
2.6654e+08 0.822492 -1.21572 -1220.75
2.66683e+08 0.897565 -1.22977 -1220.99
2.66825e+08 0.945513 -1.21562 -1221.22
2.66971e+08 0.990921 -1.19032 -1221.46
2.67113e+08 1.03856 -1.14855 -1221.68
2.67256e+08 1.12365 -1.10304 -1221.89
2.67397e+08 1.20864 -1.05667 -1222.1
2.6754e+08 1.30407 -0.996698 -1222.31
2.67685e+08 1.43048 -0.923442 -1222.48
2.67827e+08 1.6009 -0.831832 -1222.63
2.67969e+08 1.7808 -0.730066 -1222.75
2.68112e+08 1.96058 -0.609916 -1222.87
2.68253e+08 2.12918 -0.490391 -1222.97
2.68396e+08 2.28502 -0.37253 -1223.07
2.6854e+08 2.43804 -0.270315 -1223.15
2.68681e+08 2.58809 -0.169724 -1223.23
2.68824e+08 2.73989 -0.0761829 -1223.32
2.68966e+08 2.89605 0.00686255 -1223.41
2.69109e+08 3.06983 0.0902636 -1223.48
2.69254e+08 3.23588 0.168657 -1223.56
2.69396e+08 3.37555 0.25891 -1223.61
2.69537e+08 3.50078 0.357004 -1223.66
2.69679e+08 3.60956 0.454774 -1223.69
2.69821e+08 3.72727 0.499848 -1223.74
2.69965e+08 3.81598 0.513935 -1223.8
2.70108e+08 3.8968 0.518459 -1223.87
2.70249e+08 3.96298 0.53354 -1223.94
2.70392e+08 4.01573 0.542323 -1224.01
2.70534e+08 4.04913 0.543329 -1224.1
2.70678e+08 4.01695 0.53105 -1224.22
2.70819e+08 4.04683 0.55592 -1224.32
2.70962e+08 4.02673 0.561129 -1224.44
2.71103e+08 3.80863 0.547125 -1224.58
2.71245e+08 3.42186 0.509623 -1224.71
2.7139e+08 2.68957 0.477124 -1224.8
2.71533e+08 1.85999 0.435216 -1224.87
2.71675e+08 1.25021 0.375347 -1224.96
2.71818e+08 0.894984 0.360606 -1225.09
2.7196e+08 0.528214 0.35861 -1225.21
2.72101e+08 -0.130941 0.318456 -1225.26
2.72245e+08 -1.10161 0.209693 -1225.24
2.72388e+08 -2.50016 0.0291293 -1225.16
2.7253e+08 -4.49126 -0.155387 -1225.04
2.72672e+08 -7.20626 -0.295187 -1224.85
2.72812e+08 -10.561 -0.415155 -1224.65
2.72957e+08 -14.6043 -0.391948 -1224.51
2.73098e+08 -19.0217 -0.400237 -1224.48
2.7324e+08 -23.7391 -0.429525 -1224.44
2.73381e+08 -29.0797 -0.494891 -1224.3
2.73522e+08 -35.0298 -0.495671 -1224.02
2.73664e+08 -41.5999 -0.442488 -1223.69
2.73805e+08 -48.5872 -0.418164 -1223.33
2.73945e+08 -55.973 -0.363862 -1222.95
2.74086e+08 -63.7525 -0.257797 -1222.47
2.74225e+08 -71.8866 -0.0861105 -1221.97
2.74367e+08 -80.6201 -0.0627377 -1221.34
2.74508e+08 -89.8642 0.0287017 -1220.61
2.74649e+08 -100.317 0.359397 -1219.7
2.74791e+08 -111.911 0.849257 -1218.67
2.74932e+08 -124.213 1.60907 -1217.49
2.75074e+08 -136.782 2.44787 -1216.12
2.75218e+08 -149.672 3.35494 -1214.65
2.75359e+08 -162.088 4.31787 -1213.21
2.75501e+08 -137.865 5.48043 -1211.63
2.75642e+08 -116.37 5.98844 -1209.62
2.75783e+08 -97.5574 5.82834 -1207.52
2.75926e+08 -81.3724 5.1013 -1205.32
2.76065e+08 -67.2511 4.07525 -1203.44
2.76205e+08 -55.0952 2.78068 -1202.06
2.76345e+08 -44.6072 1.37058 -1201.36
2.76486e+08 -35.5698 0.0129414 -1201.2
2.7663e+08 -28.0455 -1.28152 -1201.47
2.76771e+08 -21.6495 -2.40613 -1201.92
2.76913e+08 -16.4641 -3.51716 -1202.53
2.77054e+08 -12.1189 -4.34275 -1203.44
2.77196e+08 -8.51759 -4.9666 -1204.57
2.7734e+08 -5.54051 -5.32671 -1205.64
2.77481e+08 -3.07204 -5.55414 -1206.61
2.77623e+08 -1.17646 -5.54211 -1207.64
2.77764e+08 0.237428 -5.52079 -1208.55
2.77906e+08 1.18918 -5.47651 -1209.4
2.78047e+08 1.53463 -5.26963 -1210.16
2.78191e+08 1.50026 -5.02478 -1210.82
2.78333e+08 1.16721 -4.79212 -1211.35
2.78474e+08 0.438053 -4.46775 -1211.7
2.78616e+08 -0.550419 -4.03503 -1211.83
2.78759e+08 -1.4053 -3.45495 -1211.78
2.78902e+08 -2.16798 -2.67118 -1211.49
2.79045e+08 -2.77982 -1.77044 -1211.08
2.79188e+08 -3.41263 -0.913524 -1210.59
2.7933e+08 -4.03274 -0.18247 -1210.06
2.79473e+08 -4.52398 0.438253 -1209.59
2.79617e+08 -4.88205 0.970528 -1209.12
2.7976e+08 -5.05909 1.5358 -1208.77
2.79902e+08 -4.93735 2.27574 -1208.43
2.80045e+08 -4.72261 2.81145 -1208.1
2.80188e+08 -4.45447 3.16997 -1207.82
2.80333e+08 -4.15324 3.41741 -1207.64
2.80475e+08 -3.79466 3.60363 -1207.54
2.80618e+08 -3.34098 3.54314 -1207.42
2.80761e+08 -2.92997 3.33152 -1207.38
2.80903e+08 -2.54645 3.01687 -1207.38
2.81048e+08 -2.1163 2.47375 -1207.36
2.81191e+08 -1.7487 1.81173 -1207.42
2.81333e+08 -1.26638 1.20314 -1207.5
2.81476e+08 -0.753461 0.676806 -1207.61
2.81619e+08 -0.234708 0.168329 -1207.73
2.81761e+08 0.218591 -0.374981 -1207.9
2.81906e+08 0.603323 -0.952078 -1208.12
2.82049e+08 0.899028 -1.48772 -1208.35
2.82191e+08 1.16648 -1.97828 -1208.57
2.82334e+08 1.38953 -2.43246 -1208.81
2.82477e+08 1.56892 -2.82745 -1209.05
2.82622e+08 1.65382 -3.15584 -1209.31
2.82764e+08 1.63051 -3.43893 -1209.62
2.82907e+08 1.53115 -3.78348 -1210
2.8305e+08 1.44122 -4.08223 -1210.38
2.83192e+08 1.39339 -4.31318 -1210.7
2.83337e+08 1.32635 -4.49098 -1210.95
2.8348e+08 1.21365 -4.49072 -1211.21
2.83622e+08 1.08139 -4.03431 -1211.41
2.83764e+08 0.954018 -3.02291 -1211.53
2.83905e+08 0.808266 -1.52431 -1211.65
2.84051e+08 0.563102 0.69256 -1211.61
2.84193e+08 0.268449 3.43949 -1211.5
2.84336e+08 -0.0434747 6.70421 -1211.41
2.84478e+08 -0.244025 10.5406 -1211.34
2.8462e+08 -0.461241 14.9216 -1211.24
2.84771e+08 -0.598985 19.9833 -1211.12
2.84912e+08 -0.368752 25.2309 -1210.82
2.85054e+08 -0.000806336 31.0354 -1210.4
2.85195e+08 0.529036 37.3696 -1209.86
2.85337e+08 1.34213 44.1692 -1209.21
2.8548e+08 2.54611 51.7232 -1208.51
2.85621e+08 4.14375 60.0287 -1207.77
2.85764e+08 6.52175 69.3515 -1206.47
2.85907e+08 10.8095 79.2018 -1203.4
2.86048e+08 22.7239 88.9753 -1192.08
2.86191e+08 277.055 98.0907 -911.135
2.86337e+08 346.943 96.2361 -806.631
2.86481e+08 346.791 106.245 -773.525
2.86624e+08 329.073 115.281 -760.392
2.86768e+08 316.863 121.551 -741.674
2.8691e+08 305.815 124.838 -721.509
2.87055e+08 296.467 124.875 -699.611
2.87197e+08 288.68 121.669 -676.774
2.87338e+08 283.422 115.468 -651.623
2.8748e+08 282.705 107.074 -621.88
2.87622e+08 292.906 97.6656 -580.416
2.87766e+08 341.942 90.2329 -495.032
2.87907e+08 1268.37 88.7411 570.496
2.88049e+08 1115.59 68.1383 540.222
2.8819e+08 1016.36 66.9543 553.792
2.88332e+08 896.789 61.3123 531.34
2.88476e+08 809.28 45.6396 533.748
2.88617e+08 735.315 40.0229 544.464
2.88759e+08 662.912 40.3106 546.416
2.889e+08 593.285 37.978 540.793
2.89042e+08 531.574 31.3976 536.414
2.89186e+08 478.765 24.9536 537.064
2.89327e+08 431.994 21.382 539.702
2.89469e+08 389.652 20.2571 541.889
2.8961e+08 350.979 20.0616 542.656
2.89752e+08 315.978 19.6053 542.298
2.89893e+08 284.339 18.6131 541.749
2.90037e+08 255.879 17.4098 541.418
2.90179e+08 230.231 16.241 541.312
2.9032e+08 207.181 15.2083 541.282
2.90462e+08 186.446 14.2582 541.239
2.90603e+08 167.801 13.4037 541.208
2.90747e+08 151.023 12.6692 541.268
2.90889e+08 135.903 12.0351 541.347
2.9103e+08 122.325 11.4908 541.416
2.91172e+08 110.081 11.167 541.465
2.91313e+08 99.1178 10.884 541.503
2.91458e+08 89.242 10.6835 541.522
2.91599e+08 80.2674 10.6359 541.345
2.91741e+08 71.9938 10.5759 541.07
2.91882e+08 64.4534 10.4523 540.726
2.92024e+08 57.6853 10.2719 540.325
2.92169e+08 51.5914 10.0113 539.839
2.92312e+08 46.142 9.66667 539.342
2.92454e+08 41.235 9.28296 538.862
2.92596e+08 36.85 8.88433 538.394
2.92737e+08 32.9446 8.47927 537.939
2.92879e+08 29.4904 8.07294 537.508
2.93024e+08 26.4216 7.65033 537.065
2.93166e+08 23.7338 7.24817 536.717
2.93307e+08 21.3315 6.85819 536.33
2.93449e+08 19.1598 6.4685 535.883
2.9359e+08 17.2191 6.10412 535.416
2.93734e+08 15.4788 5.77555 534.903
2.93876e+08 13.8892 5.45076 534.372
2.94017e+08 12.4288 5.14012 533.801
2.94159e+08 11.1335 4.83432 533.301
2.943e+08 9.89611 4.46759 532.749
2.94444e+08 8.80796 4.09293 532.221
2.94586e+08 7.89724 3.81522 531.832
2.94728e+08 7.25127 3.54989 531.457
2.94869e+08 6.76163 3.31309 531.059
2.9501e+08 6.31676 3.09876 530.66
2.95155e+08 5.90559 2.93047 530.281
2.95297e+08 5.52887 2.78764 529.919
2.95439e+08 5.21482 2.66309 529.569
2.95581e+08 4.92453 2.5396 529.236
2.95723e+08 4.64544 2.40537 528.919
2.95867e+08 4.36853 2.28144 528.606
2.96009e+08 4.0918 2.17498 528.316
2.96151e+08 3.82784 2.05367 528.016
2.96292e+08 3.63266 1.9508 527.799
2.96435e+08 3.5241 1.89594 527.68
2.96577e+08 3.43961 1.84852 527.613
2.96722e+08 3.35422 1.79011 527.618
2.96865e+08 3.29615 1.76028 527.64
2.97007e+08 3.23355 1.7526 527.677
2.9715e+08 3.17615 1.77537 527.727
2.97293e+08 3.12338 1.81353 527.782
2.97438e+08 3.059 1.84364 527.837
2.9758e+08 2.99796 1.84604 527.868
2.97722e+08 2.93204 1.83384 527.899
2.97865e+08 2.86241 1.81097 527.932
2.98007e+08 2.79074 1.78909 527.957
2.98151e+08 2.71349 1.77415 527.964
2.98294e+08 2.64047 1.76335 527.965
2.98436e+08 2.55729 1.74146 527.953
2.98579e+08 2.50031 1.70478 527.938
2.9872e+08 2.48547 1.66513 527.918
2.98866e+08 2.51397 1.62313 527.904
2.99008e+08 2.57314 1.59703 527.902
2.99151e+08 2.64824 1.60079 527.942
2.99294e+08 2.74539 1.63053 528.016
2.99436e+08 2.85342 1.67914 528.113
2.99581e+08 2.94834 1.74729 528.234
2.99724e+08 3.00786 1.82068 528.364
2.99866e+08 3.03723 1.87911 528.489
